time distance
0.002 3.74198e-05
0.004 7.97207e-05
0.006 0.00013018
0.008 0.000213771
0.01 0.000346419
0.012 0.000506698
0.014 0.000687075
0.016 0.000883526
0.018 0.00109358
0.02 0.00131584
0.022 0.0015499
0.024 0.00179467
0.026 0.00204799
0.028 0.00230767
0.03 0.00257277
0.032 0.00284307
0.034 0.00311851
0.036 0.0033992
0.038 0.00368993
0.04 0.00399837
0.042 0.00432747
0.044 0.00467664
0.046 0.00504727
0.048 0.00543705
0.05 0.00584334
0.052 0.00626403
0.054 0.00669739
0.056 0.00714163
0.058 0.00759564
0.06 0.00805881
0.062 0.00853044
0.064 0.00900987
0.066 0.00949655
0.068 0.00998998
0.07 0.0104897
0.072 0.0109951
0.074 0.0115059
0.076 0.0120214
0.078 0.0125411
0.08 0.0130644
0.082 0.0135905
0.084 0.0141189
0.086 0.0146489
0.088 0.0151798
0.09 0.0157107
0.092 0.0162408
0.094 0.0167692
0.096 0.0172948
0.098 0.0178166
0.1 0.0183333
0.102 0.0188445
0.104 0.0193493
0.106 0.0198471
0.108 0.0203372
0.11 0.0208188
0.112 0.0213026
0.114 0.0217907
0.116 0.0222803
0.118 0.0227733
0.12 0.0232683
0.122 0.0237619
0.124 0.0242571
0.126 0.0247542
0.128 0.0252499
0.13 0.0257455
0.132 0.026239
0.134 0.0267259
0.136 0.027207
0.138 0.027681
0.14 0.0281486
0.142 0.0286085
0.144 0.0290614
0.146 0.0295062
0.148 0.0299434
0.15 0.0303706
0.152 0.0307876
0.154 0.0311958
0.156 0.0315948
0.158 0.0319825
0.16 0.0323585
0.162 0.0327225
0.164 0.0330742
0.166 0.0334159
0.168 0.0337502
0.17 0.0340742
0.172 0.0344248
0.174 0.0347815
0.176 0.0351329
0.178 0.0354792
0.18 0.0358113
0.182 0.0361351
0.184 0.0364498
0.186 0.0367457
0.188 0.0370687
0.19 0.0373928
0.192 0.0377302
0.194 0.0380881
0.196 0.0384487
0.198 0.0388195
0.2 0.0392084
0.202 0.0396207
0.204 0.0400371
0.206 0.040458
0.208 0.0408902
0.21 0.0413344
0.212 0.0417881
0.214 0.0422432
0.216 0.0427064
0.218 0.0431808
0.22 0.0436674
0.222 0.0441662
0.224 0.0446765
0.226 0.0451975
0.228 0.0457282
0.23 0.046268
0.232 0.0468161
0.234 0.0473722
0.236 0.047936
0.238 0.0485076
0.24 0.0490866
0.242 0.0496732
0.244 0.0502671
0.246 0.0508683
0.248 0.0514766
0.25 0.0520919
0.252 0.0527142
0.254 0.0533432
0.256 0.0539787
0.258 0.0546206
0.26 0.0552687
0.262 0.0559228
0.264 0.0565825
0.266 0.0572478
0.268 0.0579183
0.27 0.0585939
0.272 0.0592745
0.274 0.0599599
0.276 0.0606497
0.278 0.0613438
0.28 0.0620417
0.282 0.0627432
0.284 0.063448
0.286 0.0641555
0.288 0.0648654
0.29 0.0655774
0.292 0.0662909
0.294 0.0670057
0.296 0.0677213
0.298 0.0684371
0.3 0.0691527
0.302 0.0698674
0.304 0.0705808
0.306 0.0712922
0.308 0.0720009
0.31 0.0727064
0.312 0.0734078
0.314 0.0741045
0.316 0.074796
0.318 0.075482
0.32 0.0761619
0.322 0.0768354
0.324 0.0775021
0.326 0.0781614
0.328 0.0788018
0.33 0.0794201
0.332 0.0800176
0.334 0.0805923
0.336 0.0811442
0.338 0.0816719
0.34 0.0821752
0.342 0.0826636
0.344 0.0831275
0.346 0.0835632
0.348 0.0839714
0.35 0.0843643
0.352 0.0847289
0.354 0.0850617
0.356 0.0853722
0.358 0.0856501
0.36 0.0858953
0.362 0.0861199
0.364 0.086309
0.366 0.0864603
0.368 0.0865904
0.37 0.0867042
0.372 0.0867998
0.374 0.0869052
0.376 0.0869962
0.378 0.0870854
0.38 0.0871574
0.382 0.0872243
0.384 0.0872781
0.386 0.0873306
0.388 0.0873838
0.39 0.0874294
0.392 0.0874675
0.394 0.0875029
0.396 0.0875318
0.398 0.08756
0.4 0.0875705
0.402 0.0875725
0.404 0.0875723
0.406 0.0875618
0.408 0.0875309
0.41 0.0874892
0.412 0.087436
0.414 0.0873767
0.416 0.0873001
0.418 0.087207
0.42 0.0871057
0.422 0.0869954
0.424 0.0868794
0.426 0.0867565
0.428 0.0866286
0.43 0.0864973
0.432 0.0863481
0.434 0.0861896
0.436 0.0860233
0.438 0.0858505
0.44 0.0856727
0.442 0.0854844
0.444 0.0852911
0.446 0.0850938
0.448 0.0849226
0.45 0.0847933
0.452 0.0847019
0.454 0.0846406
0.456 0.0845979
0.458 0.0845768
0.46 0.0845778
0.462 0.0845993
0.464 0.0846343
0.466 0.0846855
0.468 0.0847531
0.47 0.0848371
0.472 0.0849367
0.474 0.0850511
0.476 0.0851793
0.478 0.0853207
0.48 0.0854748
0.482 0.0856411
0.484 0.0858194
0.486 0.0860098
0.488 0.0862124
0.49 0.0864274
0.492 0.0866543
0.494 0.0869421
0.496 0.0872464
0.498 0.087558
0.5 0.0878758
0.502 0.0881969
0.504 0.0885196
0.506 0.0888428
0.508 0.0891658
0.51 0.0894884
0.512 0.0898102
0.514 0.0901311
0.516 0.0904511
0.518 0.0907702
0.52 0.0910883
0.522 0.0914056
0.524 0.0917234
0.526 0.0920431
0.528 0.0923659
0.53 0.0926929
0.532 0.0930243
0.534 0.0933603
0.536 0.0937007
0.538 0.0940451
0.54 0.0943933
0.542 0.0947448
0.544 0.0950997
0.546 0.0954578
0.548 0.0958192
0.55 0.0961842
0.552 0.0965528
0.554 0.0969254
0.556 0.097302
0.558 0.0976979
0.56 0.0981139
0.562 0.098549
0.564 0.0990047
0.566 0.0994766
0.568 0.0999623
0.57 0.100458
0.572 0.10096
0.574 0.101467
0.576 0.101978
0.578 0.102489
0.58 0.103001
0.582 0.103512
0.584 0.104021
0.586 0.104527
0.588 0.10503
0.59 0.105531
0.592 0.106031
0.594 0.106532
0.596 0.107032
0.598 0.10753
0.6 0.108029
0.602 0.108528
0.604 0.109028
0.606 0.109527
0.608 0.110027
0.61 0.110529
0.612 0.111032
0.614 0.111536
0.616 0.112042
0.618 0.112551
0.62 0.113063
0.622 0.113573
0.624 0.114082
0.626 0.114589
0.628 0.115091
0.63 0.115589
0.632 0.116083
0.634 0.116571
0.636 0.117053
0.638 0.117529
0.64 0.117998
0.642 0.11846
0.644 0.118915
0.646 0.119361
0.648 0.119798
0.65 0.120227
0.652 0.120647
0.654 0.121056
0.656 0.121455
0.658 0.121843
0.66 0.122238
0.662 0.122628
0.664 0.123008
0.666 0.123372
0.668 0.12372
0.67 0.124056
0.672 0.124381
0.674 0.124688
0.676 0.124973
0.678 0.125296
0.68 0.12563
0.682 0.125979
0.684 0.126328
0.686 0.126667
0.688 0.12701
0.69 0.127352
0.692 0.12769
0.694 0.128029
0.696 0.128374
0.698 0.128732
0.7 0.129094
0.702 0.12947
0.704 0.12986
0.706 0.130264
0.708 0.13067
0.71 0.131086
0.712 0.131516
0.714 0.131961
0.716 0.132422
0.718 0.132897
0.72 0.133387
0.722 0.13389
0.724 0.134404
0.726 0.134928
0.728 0.135461
0.73 0.136003
0.732 0.136553
0.734 0.13711
0.736 0.137674
0.738 0.138246
0.74 0.138825
0.742 0.139411
0.744 0.140005
0.746 0.140605
0.748 0.141213
0.75 0.141829
0.752 0.142451
0.754 0.14308
0.756 0.143716
0.758 0.144359
0.76 0.145008
0.762 0.145664
0.764 0.146326
0.766 0.146994
0.768 0.147669
0.77 0.148349
0.772 0.149035
0.774 0.149727
0.776 0.150423
0.778 0.151125
0.78 0.151831
0.782 0.152542
0.784 0.153256
0.786 0.153975
0.788 0.154696
0.79 0.155421
0.792 0.156148
0.794 0.156876
0.796 0.157606
0.798 0.158337
0.8 0.159068
0.802 0.159799
0.804 0.160529
0.806 0.161257
0.808 0.161982
0.81 0.162705
0.812 0.163424
0.814 0.164138
0.816 0.164848
0.818 0.165553
0.82 0.166252
0.822 0.166945
0.824 0.167631
0.826 0.168311
0.828 0.168982
0.83 0.16965
0.832 0.17031
0.834 0.17096
0.836 0.1716
0.838 0.172219
0.84 0.172811
0.842 0.173377
0.844 0.17392
0.846 0.174436
0.848 0.174927
0.85 0.17539
0.852 0.175834
0.854 0.176246
0.856 0.176626
0.858 0.176991
0.86 0.177322
0.862 0.177615
0.864 0.177889
0.866 0.178123
0.868 0.178318
0.87 0.178494
0.872 0.178625
0.874 0.17874
0.876 0.17886
0.878 0.178953
0.88 0.179053
0.882 0.17913
0.884 0.179207
0.886 0.179262
0.888 0.179318
0.89 0.179351
0.892 0.179384
0.894 0.179402
0.896 0.179416
0.898 0.179438
0.9 0.179453
0.902 0.179463
0.904 0.179479
0.906 0.17948
0.908 0.179477
0.91 0.17946
0.912 0.179438
0.914 0.179403
0.916 0.179363
0.918 0.179313
0.92 0.179257
0.922 0.179191
0.924 0.179112
0.926 0.179027
0.928 0.178934
0.93 0.178836
0.932 0.17873
0.934 0.178611
0.936 0.178487
0.938 0.178356
0.94 0.178212
0.942 0.178063
0.944 0.177909
0.946 0.177742
0.948 0.177569
0.95 0.177391
0.952 0.177208
0.954 0.177053
0.956 0.17692
0.958 0.17682
0.96 0.176742
0.962 0.176688
0.964 0.176651
0.966 0.176625
0.968 0.176614
0.97 0.176619
0.972 0.176639
0.974 0.176674
0.976 0.176723
0.978 0.176785
0.98 0.17686
0.982 0.176947
0.984 0.177047
0.986 0.177159
0.988 0.177283
0.99 0.17742
0.992 0.17757
0.994 0.177733
0.996 0.177977
0.998 0.178238
1 0.178513
1.002 0.178796
1.004 0.179083
1.006 0.179373
1.008 0.179664
1.01 0.179955
1.012 0.180246
1.014 0.180536
1.016 0.180825
1.018 0.181113
1.02 0.1814
1.022 0.181686
1.024 0.181971
1.026 0.182255
1.028 0.182539
1.03 0.182822
1.032 0.183104
1.034 0.183386
1.036 0.183667
1.038 0.183948
1.04 0.184228
1.042 0.184509
1.044 0.1848
1.046 0.185101
1.048 0.18541
1.05 0.185728
1.052 0.186053
1.054 0.186385
1.056 0.186722
1.058 0.187064
1.06 0.187412
1.062 0.187778
1.064 0.188161
1.066 0.188556
1.068 0.188961
1.07 0.189372
1.072 0.18979
1.074 0.190213
1.076 0.190638
1.078 0.191065
1.08 0.191492
1.082 0.191919
1.084 0.192345
1.086 0.19277
1.088 0.193194
1.09 0.193617
1.092 0.194038
1.094 0.194457
1.096 0.194876
1.098 0.195293
1.1 0.195709
1.102 0.196123
1.104 0.196536
1.106 0.196949
1.108 0.19736
1.11 0.197772
1.112 0.198184
1.114 0.198598
1.116 0.199011
1.118 0.199426
1.12 0.199844
1.122 0.200264
1.124 0.200686
1.126 0.201111
1.128 0.201538
1.13 0.201963
1.132 0.202386
1.134 0.202804
1.136 0.203218
1.138 0.203627
1.14 0.20403
1.142 0.204428
1.144 0.20482
1.146 0.205204
1.148 0.205581
1.15 0.205949
1.152 0.206309
1.154 0.206663
1.156 0.20701
1.158 0.207351
1.16 0.207683
1.162 0.208007
1.164 0.208321
1.166 0.208625
1.168 0.208918
1.17 0.209219
1.172 0.209508
1.174 0.209793
1.176 0.210059
1.178 0.210319
1.18 0.210565
1.182 0.210815
1.184 0.211041
1.186 0.211272
1.188 0.211496
1.19 0.211695
1.192 0.211881
1.194 0.212056
1.196 0.212275
1.198 0.212531
1.2 0.212817
1.202 0.213125
1.204 0.213444
1.206 0.213781
1.208 0.214131
1.21 0.214491
1.212 0.214862
1.214 0.215248
1.216 0.215644
1.218 0.216044
1.22 0.216453
1.222 0.21687
1.224 0.217296
1.226 0.217731
1.228 0.218176
1.23 0.218628
1.232 0.219088
1.234 0.219555
1.236 0.220029
1.238 0.220511
1.24 0.220999
1.242 0.221494
1.244 0.221996
1.246 0.222504
1.248 0.223019
1.25 0.223541
1.252 0.224069
1.254 0.224603
1.256 0.225143
1.258 0.22569
1.26 0.226242
1.262 0.226799
1.264 0.227363
1.266 0.227931
1.268 0.228505
1.27 0.229084
1.272 0.229667
1.274 0.230255
1.276 0.230847
1.278 0.231443
1.28 0.232042
1.282 0.232645
1.284 0.233251
1.286 0.23386
1.288 0.234471
1.29 0.235084
1.292 0.235698
1.294 0.236314
1.296 0.236931
1.298 0.237548
1.3 0.238165
1.302 0.238781
1.304 0.239396
1.306 0.240009
1.308 0.240619
1.31 0.241227
1.312 0.241832
1.314 0.242433
1.316 0.243029
1.318 0.24362
1.32 0.244205
1.322 0.244784
1.324 0.245357
1.326 0.245923
1.328 0.246481
1.33 0.247032
1.332 0.247574
1.334 0.24811
1.336 0.248639
1.338 0.249158
1.34 0.249666
1.342 0.250164
1.344 0.250651
1.346 0.251134
1.348 0.251614
1.35 0.252096
1.352 0.252571
1.354 0.253038
1.356 0.253505
1.358 0.253965
1.36 0.254419
1.362 0.254869
1.364 0.25531
1.366 0.255726
1.368 0.256134
1.37 0.256528
1.372 0.256918
1.374 0.257285
1.376 0.257638
1.378 0.257993
1.38 0.258327
1.382 0.258654
1.384 0.25898
1.386 0.259288
1.388 0.259575
1.39 0.25986
1.392 0.260131
1.394 0.260405
1.396 0.260666
1.398 0.260918
1.4 0.261148
1.402 0.261373
1.404 0.261589
1.406 0.261783
1.408 0.261958
1.41 0.262113
1.412 0.262265
1.414 0.262389
1.416 0.262505
1.418 0.262599
1.42 0.262688
1.422 0.262764
1.424 0.262845
1.426 0.262924
1.428 0.263013
1.43 0.263102
1.432 0.263189
1.434 0.263286
1.436 0.263383
1.438 0.263482
1.44 0.263591
1.442 0.2637
1.444 0.263806
1.446 0.26391
1.448 0.264024
1.45 0.264156
1.452 0.264298
1.454 0.264448
1.456 0.264602
1.458 0.264764
1.46 0.264939
1.462 0.265128
1.464 0.265325
1.466 0.265528
1.468 0.265741
1.47 0.265965
1.472 0.266199
1.474 0.266444
1.476 0.266695
1.478 0.266954
1.48 0.267221
1.482 0.267497
1.484 0.26778
1.486 0.268072
1.488 0.268373
1.49 0.268682
1.492 0.269
1.494 0.269326
1.496 0.269662
1.498 0.270008
1.5 0.270363
1.502 0.270727
1.504 0.271101
1.506 0.271485
1.508 0.271879
1.51 0.272283
1.512 0.272696
1.514 0.273117
1.516 0.273546
1.518 0.27398
1.52 0.27442
1.522 0.274865
1.524 0.275314
1.526 0.275769
1.528 0.276232
1.53 0.276703
1.532 0.277183
1.534 0.277672
1.536 0.27817
1.538 0.278675
1.54 0.279187
1.542 0.279707
1.544 0.280232
1.546 0.280764
1.548 0.2813
1.55 0.281836
1.552 0.282372
1.554 0.282906
1.556 0.283438
1.558 0.283967
1.56 0.284492
1.562 0.285013
1.564 0.285529
1.566 0.286038
1.568 0.286541
1.57 0.287036
1.572 0.287523
1.574 0.288004
1.576 0.288475
1.578 0.288935
1.58 0.289388
1.582 0.289829
1.584 0.290258
1.586 0.290675
1.588 0.291081
1.59 0.291473
1.592 0.291851
1.594 0.292215
1.596 0.292566
1.598 0.292901
1.6 0.29322
1.602 0.293525
1.604 0.293815
1.606 0.294088
1.608 0.294347
1.61 0.294593
1.612 0.294824
1.614 0.295041
1.616 0.295242
1.618 0.295433
1.62 0.29561
1.622 0.295775
1.624 0.295932
1.626 0.296077
1.628 0.296214
1.63 0.29634
1.632 0.296463
1.634 0.296579
1.636 0.29669
1.638 0.2968
1.64 0.29691
1.642 0.297021
1.644 0.297137
1.646 0.297255
1.648 0.297379
1.65 0.297497
1.652 0.297614
1.654 0.297722
1.656 0.297823
1.658 0.29792
1.66 0.298012
1.662 0.298096
1.664 0.298175
1.666 0.298248
1.668 0.298316
1.67 0.298379
1.672 0.298441
1.674 0.298501
1.676 0.298558
1.678 0.298611
1.68 0.298661
1.682 0.298706
1.684 0.298748
1.686 0.298785
1.688 0.298817
1.69 0.298844
1.692 0.298881
1.694 0.298928
1.696 0.298971
1.698 0.298999
1.7 0.299039
1.702 0.299068
1.704 0.299091
1.706 0.299148
1.708 0.299211
1.71 0.299269
1.712 0.299351
1.714 0.299428
1.716 0.29952
1.718 0.299606
1.72 0.299691
1.722 0.299768
1.724 0.299842
1.726 0.299941
1.728 0.300097
1.73 0.300302
1.732 0.300517
1.734 0.300747
1.736 0.300993
1.738 0.301252
1.74 0.301523
1.742 0.301805
1.744 0.30209
1.746 0.302383
1.748 0.302683
1.75 0.302986
1.752 0.303289
1.754 0.303592
1.756 0.303893
1.758 0.304211
1.76 0.304522
1.762 0.30483
1.764 0.305146
1.766 0.305456
1.768 0.305763
1.77 0.306074
1.772 0.306381
1.774 0.306683
1.776 0.306984
1.778 0.307294
1.78 0.307605
1.782 0.307912
1.784 0.308217
1.786 0.308532
1.788 0.308846
1.79 0.309154
1.792 0.309467
1.794 0.309772
1.796 0.310082
1.798 0.310383
1.8 0.310688
1.802 0.31099
1.804 0.311281
1.806 0.311575
1.808 0.311864
1.81 0.312148
1.812 0.312417
1.814 0.312688
1.816 0.312952
1.818 0.313208
1.82 0.313456
1.822 0.313693
1.824 0.31392
1.826 0.314137
1.828 0.314341
1.83 0.314534
1.832 0.314714
1.834 0.314882
1.836 0.315036
1.838 0.315177
1.84 0.315305
1.842 0.315419
1.844 0.31552
1.846 0.315608
1.848 0.315684
1.85 0.315747
1.852 0.315795
1.854 0.315829
1.856 0.315853
1.858 0.315864
1.86 0.315862
1.862 0.315849
1.864 0.31583
1.866 0.3158
1.868 0.315765
1.87 0.315723
1.872 0.315677
1.874 0.315626
1.876 0.315576
1.878 0.315522
1.88 0.315471
1.882 0.315426
1.884 0.315382
1.886 0.315343
1.888 0.315315
1.89 0.315297
1.892 0.315287
1.894 0.315292
1.896 0.315295
1.898 0.315299
1.9 0.315303
1.902 0.315318
1.904 0.315338
1.906 0.315361
1.908 0.315389
1.91 0.315423
1.912 0.315461
1.914 0.315501
1.916 0.315543
1.918 0.315584
1.92 0.315625
1.922 0.315666
1.924 0.315706
1.926 0.315746
1.928 0.315786
1.93 0.315825
1.932 0.315862
1.934 0.315899
1.936 0.315934
1.938 0.315972
1.94 0.316012
1.942 0.316053
1.944 0.316173
1.946 0.316348
1.948 0.316552
1.95 0.316767
1.952 0.316978
1.954 0.317186
1.956 0.317391
1.958 0.317582
1.96 0.317763
1.962 0.317927
1.964 0.318079
1.966 0.318221
1.968 0.318354
1.97 0.318476
1.972 0.318586
1.974 0.318686
1.976 0.318777
1.978 0.318859
1.98 0.318936
1.982 0.319
1.984 0.319184
1.986 0.319437
1.988 0.319733
1.99 0.32006
1.992 0.320408
1.994 0.320771
1.996 0.321147
1.998 0.321534
2 0.321929
2.002 0.322332
2.004 0.322741
2.006 0.323156
2.008 0.323576
2.01 0.324
2.012 0.324428
2.014 0.32486
2.016 0.325296
2.018 0.325735
2.02 0.326178
2.022 0.326625
2.024 0.327076
2.026 0.327533
2.028 0.32799
2.03 0.328449
2.032 0.328911
2.034 0.329379
2.036 0.329847
2.038 0.330316
2.04 0.330789
2.042 0.331261
2.044 0.331731
2.046 0.332205
2.048 0.332674
2.05 0.333143
2.052 0.333607
2.054 0.33407
2.056 0.334527
2.058 0.334981
2.06 0.335428
2.062 0.335872
2.064 0.33631
2.066 0.33674
2.068 0.33716
2.07 0.337576
2.072 0.337983
2.074 0.33838
2.076 0.338768
2.078 0.339147
2.08 0.339515
2.082 0.339872
2.084 0.340219
2.086 0.340556
2.088 0.340882
2.09 0.341198
2.092 0.341504
2.094 0.3418
2.096 0.342085
2.098 0.34236
2.1 0.342625
2.102 0.342881
2.104 0.34313
2.106 0.34337
2.108 0.343604
2.11 0.343832
2.112 0.344053
2.114 0.344269
2.116 0.344483
2.118 0.344695
2.12 0.344904
2.122 0.345114
2.124 0.345327
2.126 0.345541
2.128 0.345759
2.13 0.345993
2.132 0.346233
2.134 0.346481
2.136 0.346731
2.138 0.346984
2.14 0.347244
2.142 0.347494
2.144 0.347736
2.146 0.347971
2.148 0.348198
2.15 0.348406
2.152 0.348602
2.154 0.348796
2.156 0.348988
2.158 0.349159
2.16 0.349319
2.162 0.349474
2.164 0.349623
2.166 0.349761
2.168 0.34989
2.17 0.350017
2.172 0.35014
2.174 0.350256
2.176 0.350364
2.178 0.350472
2.18 0.350573
2.182 0.350674
2.184 0.35078
2.186 0.350885
2.188 0.350986
2.19 0.351089
2.192 0.351204
2.194 0.351326
2.196 0.351459
2.198 0.35161
2.2 0.351774
2.202 0.351958
2.204 0.352166
2.206 0.352401
2.208 0.352662
2.21 0.352948
2.212 0.353257
2.214 0.353588
2.216 0.353937
2.218 0.354304
2.22 0.354688
2.222 0.355086
2.224 0.355497
2.226 0.355921
2.228 0.356356
2.23 0.356801
2.232 0.357257
2.234 0.357722
2.236 0.358197
2.238 0.358681
2.24 0.359176
2.242 0.359681
2.244 0.360195
2.246 0.360721
2.248 0.361256
2.25 0.361803
2.252 0.36236
2.254 0.362927
2.256 0.363505
2.258 0.364094
2.26 0.364693
2.262 0.365303
2.264 0.365926
2.266 0.366558
2.268 0.367196
2.27 0.36784
2.272 0.368488
2.274 0.369139
2.276 0.369791
2.278 0.370445
2.28 0.371099
2.282 0.371755
2.284 0.372412
2.286 0.373069
2.288 0.373729
2.29 0.37439
2.292 0.375054
2.294 0.37572
2.296 0.376388
2.298 0.37706
2.3 0.377736
2.302 0.378415
2.304 0.379097
2.306 0.379782
2.308 0.38048
2.31 0.381191
2.312 0.381913
2.314 0.382643
2.316 0.383384
2.318 0.384131
2.32 0.384882
2.322 0.385635
2.324 0.386386
2.326 0.387135
2.328 0.38788
2.33 0.38862
2.332 0.389355
2.334 0.390084
2.336 0.390806
2.338 0.39152
2.34 0.392225
2.342 0.392925
2.344 0.393615
2.346 0.394294
2.348 0.394967
2.35 0.395627
2.352 0.396274
2.354 0.396908
2.356 0.397534
2.358 0.398144
2.36 0.398739
2.362 0.399318
2.364 0.399888
2.366 0.400421
2.368 0.400914
2.37 0.401382
2.372 0.401811
2.374 0.402261
2.376 0.402733
2.378 0.403196
2.38 0.403655
2.382 0.404115
2.384 0.404553
2.386 0.404979
2.388 0.405404
2.39 0.40581
2.392 0.406204
2.394 0.406583
2.396 0.406956
2.398 0.407322
2.4 0.407674
2.402 0.408023
2.404 0.40837
2.406 0.408693
2.408 0.408995
2.41 0.40929
2.412 0.409571
2.414 0.409838
2.416 0.410099
2.418 0.410344
2.42 0.410577
2.422 0.410808
2.424 0.411031
2.426 0.411248
2.428 0.411459
2.43 0.41167
2.432 0.411868
2.434 0.412057
2.436 0.412247
2.438 0.41244
2.44 0.412634
2.442 0.412818
2.444 0.412997
2.446 0.413181
2.448 0.413361
2.45 0.413537
2.452 0.413718
2.454 0.413918
2.456 0.414134
2.458 0.414366
2.46 0.41462
2.462 0.4149
2.464 0.415206
2.466 0.415539
2.468 0.415894
2.47 0.416271
2.472 0.416668
2.474 0.417081
2.476 0.417511
2.478 0.417955
2.48 0.418412
2.482 0.418882
2.484 0.419364
2.486 0.419856
2.488 0.420358
2.49 0.420868
2.492 0.421385
2.494 0.421908
2.496 0.422436
2.498 0.422969
2.5 0.423507
2.502 0.424049
2.504 0.424596
2.506 0.425148
2.508 0.425704
2.51 0.426266
2.512 0.426834
2.514 0.427408
2.516 0.427988
2.518 0.428575
2.52 0.42917
2.522 0.429772
2.524 0.430382
2.526 0.431001
2.528 0.431628
2.53 0.432263
2.532 0.432908
2.534 0.433561
2.536 0.434224
2.538 0.434897
2.54 0.435578
2.542 0.436267
2.544 0.436962
2.546 0.437664
2.548 0.438372
2.55 0.439085
2.552 0.439802
2.554 0.440523
2.556 0.441247
2.558 0.441972
2.56 0.442699
2.562 0.443426
2.564 0.444152
2.566 0.444877
2.568 0.445599
2.57 0.446318
2.572 0.447033
2.574 0.447743
2.576 0.448449
2.578 0.449149
2.58 0.449843
2.582 0.45053
2.584 0.451209
2.586 0.451885
2.588 0.452551
2.59 0.453208
2.592 0.453854
2.594 0.45449
2.596 0.455121
2.598 0.455739
2.6 0.456344
2.602 0.456936
2.604 0.457513
2.606 0.458085
2.608 0.458638
2.61 0.459176
2.612 0.459682
2.614 0.460152
2.616 0.460586
2.618 0.460981
2.62 0.461338
2.622 0.461672
2.624 0.46196
2.626 0.462207
2.628 0.462433
2.63 0.462606
2.632 0.462786
2.634 0.462943
2.636 0.463084
2.638 0.463232
2.64 0.463353
2.642 0.463447
2.644 0.463538
2.646 0.463603
2.648 0.463666
2.65 0.463708
2.652 0.463742
2.654 0.463752
2.656 0.463761
2.658 0.463755
2.66 0.463752
2.662 0.463738
2.664 0.46373
2.666 0.463715
2.668 0.463706
2.67 0.463693
2.672 0.463683
2.674 0.46367
2.676 0.463656
2.678 0.463633
2.68 0.463595
2.682 0.463549
2.684 0.463494
2.686 0.463431
2.688 0.463359
2.69 0.463271
2.692 0.463175
2.694 0.463072
2.696 0.462955
2.698 0.46283
2.7 0.462699
2.702 0.462554
2.704 0.462403
2.706 0.462246
2.708 0.462081
2.71 0.461912
2.712 0.461731
2.714 0.461543
2.716 0.461375
2.718 0.461223
2.72 0.461085
2.722 0.460963
2.724 0.460857
2.726 0.460768
2.728 0.460693
2.73 0.460633
2.732 0.460587
2.734 0.460553
2.736 0.460531
2.738 0.460522
2.74 0.460525
2.742 0.460541
2.744 0.46057
2.746 0.4607
2.748 0.460865
2.75 0.461049
2.752 0.461245
2.754 0.461452
2.756 0.461666
2.758 0.461884
2.76 0.462104
2.762 0.462326
2.764 0.462548
2.766 0.462769
2.768 0.462989
2.77 0.46321
2.772 0.463427
2.774 0.463639
2.776 0.463846
2.778 0.464048
2.78 0.464245
2.782 0.464436
2.784 0.464622
2.786 0.464802
2.788 0.464981
2.79 0.465154
2.792 0.465321
2.794 0.465483
2.796 0.46564
2.798 0.465792
2.8 0.465939
2.802 0.466082
2.804 0.466219
2.806 0.466352
2.808 0.466482
2.81 0.466617
2.812 0.466757
2.814 0.466901
2.816 0.467046
2.818 0.467192
2.82 0.467338
2.822 0.467483
2.824 0.467627
2.826 0.467778
2.828 0.467934
2.83 0.468092
2.832 0.468252
2.834 0.468411
2.836 0.46857
2.838 0.468727
2.84 0.468881
2.842 0.469032
2.844 0.469178
2.846 0.469318
2.848 0.469452
2.85 0.469581
2.852 0.469704
2.854 0.469822
2.856 0.469934
2.858 0.470042
2.86 0.470145
2.862 0.470244
2.864 0.470341
2.866 0.470436
2.868 0.47053
2.87 0.470623
2.872 0.470715
2.874 0.470809
2.876 0.470905
2.878 0.471003
2.88 0.471105
2.882 0.471211
2.884 0.471321
2.886 0.471439
2.888 0.471566
2.89 0.471702
2.892 0.471849
2.894 0.472007
2.896 0.472177
2.898 0.472355
2.9 0.47254
2.902 0.472726
2.904 0.472912
2.906 0.473098
2.908 0.473283
2.91 0.473468
2.912 0.473653
2.914 0.473838
2.916 0.474023
2.918 0.474207
2.92 0.47439
2.922 0.474571
2.924 0.47475
2.926 0.474928
2.928 0.475103
2.93 0.475276
2.932 0.475447
2.934 0.475614
2.936 0.475779
2.938 0.47594
2.94 0.476101
2.942 0.476261
2.944 0.476421
2.946 0.47658
2.948 0.476739
2.95 0.476899
2.952 0.477059
2.954 0.477245
2.956 0.477454
2.958 0.477661
2.96 0.47786
2.962 0.478046
2.964 0.478215
2.966 0.478374
2.968 0.478515
2.97 0.478639
2.972 0.478745
2.974 0.478835
2.976 0.478925
2.978 0.478999
2.98 0.479058
2.982 0.479102
2.984 0.479133
2.986 0.479189
2.988 0.479233
2.99 0.47929
2.992 0.479336
2.994 0.479549
2.996 0.479865
2.998 0.480271
3 0.480715
3.002 0.481179
3.004 0.481657
3.006 0.482162
3.008 0.482662
3.01 0.48316
3.012 0.483661
3.014 0.484166
3.016 0.484676
3.018 0.485207
3.02 0.485734
3.022 0.486258
3.024 0.486779
3.026 0.487313
3.028 0.487842
3.03 0.488377
3.032 0.488907
3.034 0.489434
3.036 0.489966
3.038 0.490492
3.04 0.491013
3.042 0.491537
3.044 0.492053
3.046 0.492568
3.048 0.493075
3.05 0.493579
3.052 0.494073
3.054 0.494564
3.056 0.495049
3.058 0.495521
3.06 0.495989
3.062 0.496448
3.064 0.496899
3.066 0.497333
3.068 0.49776
3.07 0.498178
3.072 0.498585
3.074 0.498981
3.076 0.499357
3.078 0.499726
3.08 0.500084
3.082 0.500431
3.084 0.500765
3.086 0.501088
3.088 0.5014
3.09 0.501699
3.092 0.501986
3.094 0.502259
3.096 0.502524
3.098 0.502775
3.1 0.503016
3.102 0.503245
3.104 0.503469
3.106 0.503684
3.108 0.503891
3.11 0.504091
3.112 0.504291
3.114 0.504486
3.116 0.50471
3.118 0.504961
3.12 0.505207
3.122 0.505437
3.124 0.505663
3.126 0.505876
3.128 0.506087
3.13 0.506299
3.132 0.506503
3.134 0.506711
3.136 0.506917
3.138 0.507131
3.14 0.507356
3.142 0.507583
3.144 0.507823
3.146 0.508064
3.148 0.508314
3.15 0.508564
3.152 0.508813
3.154 0.509064
3.156 0.50931
3.158 0.509553
3.16 0.5098
3.162 0.510041
3.164 0.510276
3.166 0.510507
3.168 0.510742
3.17 0.510971
3.172 0.511195
3.174 0.511423
3.176 0.511646
3.178 0.511867
3.18 0.512083
3.182 0.512304
3.184 0.512523
3.186 0.51274
3.188 0.512952
3.19 0.513158
3.192 0.513366
3.194 0.513567
3.196 0.513762
3.198 0.513956
3.2 0.51415
3.202 0.514343
3.204 0.51454
3.206 0.514741
3.208 0.514949
3.21 0.515161
3.212 0.515386
3.214 0.515626
3.216 0.515874
3.218 0.516136
3.22 0.516419
3.222 0.516719
3.224 0.51704
3.226 0.517382
3.228 0.517745
3.23 0.51813
3.232 0.518533
3.234 0.518954
3.236 0.519407
3.238 0.519871
3.24 0.520344
3.242 0.520821
3.244 0.5213
3.246 0.521778
3.248 0.522256
3.25 0.522732
3.252 0.523208
3.254 0.523682
3.256 0.524155
3.258 0.524627
3.26 0.525098
3.262 0.525568
3.264 0.526037
3.266 0.526505
3.268 0.526973
3.27 0.52744
3.272 0.527907
3.274 0.528373
3.276 0.528831
3.278 0.529282
3.28 0.529728
3.282 0.530168
3.284 0.530602
3.286 0.531031
3.288 0.531471
3.29 0.531916
3.292 0.532367
3.294 0.532823
3.296 0.533283
3.298 0.533746
3.3 0.534211
3.302 0.534677
3.304 0.535146
3.306 0.535617
3.308 0.53609
3.31 0.536565
3.312 0.537043
3.314 0.537523
3.316 0.538005
3.318 0.538486
3.32 0.538967
3.322 0.539446
3.324 0.539921
3.326 0.540393
3.328 0.54086
3.33 0.541321
3.332 0.541776
3.334 0.542223
3.336 0.542662
3.338 0.54311
3.34 0.543558
3.342 0.544001
3.344 0.544438
3.346 0.544865
3.348 0.545281
3.35 0.545684
3.352 0.546077
3.354 0.546452
3.356 0.546812
3.358 0.547155
3.36 0.54748
3.362 0.547789
3.364 0.548079
3.366 0.54835
3.368 0.548599
3.37 0.548831
3.372 0.549045
3.374 0.549239
3.376 0.54941
3.378 0.549564
3.38 0.549699
3.382 0.54981
3.384 0.549903
3.386 0.549974
3.388 0.550019
3.39 0.550049
3.392 0.550055
3.394 0.550035
3.396 0.549991
3.398 0.549918
3.4 0.549819
3.402 0.549692
3.404 0.549529
3.406 0.549338
3.408 0.549115
3.41 0.54885
3.412 0.548567
3.414 0.54824
3.416 0.547868
3.418 0.54748
3.42 0.547044
3.422 0.546568
3.424 0.546075
3.426 0.545533
3.428 0.544945
3.43 0.544345
3.432 0.543698
3.434 0.543036
3.436 0.542434
3.438 0.541871
3.44 0.541365
3.442 0.540861
3.444 0.540369
3.446 0.539899
3.448 0.539439
3.45 0.538984
3.452 0.538552
3.454 0.538137
3.456 0.537748
3.458 0.537389
3.46 0.537061
3.462 0.536764
3.464 0.536497
3.466 0.536259
3.468 0.53605
3.47 0.535868
3.472 0.535712
3.474 0.535581
3.476 0.535469
3.478 0.535376
3.48 0.535297
3.482 0.535229
3.484 0.535172
3.486 0.535121
3.488 0.535073
3.49 0.535026
3.492 0.534979
3.494 0.534933
3.496 0.534887
3.498 0.534841
3.5 0.534795
3.502 0.534749
3.504 0.534703
3.506 0.534657
3.508 0.534611
3.51 0.534565
3.512 0.534519
3.514 0.534473
3.516 0.534427
3.518 0.53438
3.52 0.534334
3.522 0.534288
3.524 0.534241
3.526 0.534195
3.528 0.534149
3.53 0.534102
3.532 0.534056
3.534 0.534009
3.536 0.533963
3.538 0.533917
3.54 0.53387
3.542 0.533824
3.544 0.533777
3.546 0.533731
3.548 0.533685
3.55 0.533661
3.552 0.533655
3.554 0.533663
3.556 0.533683
3.558 0.533715
3.56 0.533756
3.562 0.533808
3.564 0.53387
3.566 0.533941
3.568 0.534022
3.57 0.534112
3.572 0.534212
3.574 0.534321
3.576 0.53444
3.578 0.534569
3.58 0.534707
3.582 0.534855
3.584 0.535013
3.586 0.53518
3.588 0.535355
3.59 0.535541
3.592 0.535735
3.594 0.535886
3.596 0.536025
3.598 0.536186
3.6 0.536358
3.602 0.53654
3.604 0.536732
3.606 0.536931
3.608 0.537138
3.61 0.537343
3.612 0.53754
3.614 0.537728
3.616 0.537903
3.618 0.538065
3.62 0.538216
3.622 0.538353
3.624 0.538473
3.626 0.538577
3.628 0.538668
3.63 0.538743
3.632 0.538798
3.634 0.538836
3.636 0.538854
3.638 0.538849
3.64 0.538825
3.642 0.538777
3.644 0.538705
3.646 0.538609
3.648 0.538486
3.65 0.538338
3.652 0.538161
3.654 0.537953
3.656 0.53772
3.658 0.537454
3.66 0.537153
3.662 0.536826
3.664 0.536463
3.666 0.536062
3.668 0.535636
3.67 0.535225
3.672 0.534837
3.674 0.534481
3.676 0.534136
3.678 0.533807
3.68 0.533504
3.682 0.533208
3.684 0.532907
3.686 0.532607
3.688 0.532304
3.69 0.531996
3.692 0.531691
3.694 0.531386
3.696 0.531069
3.698 0.530746
3.7 0.53042
3.702 0.530093
3.704 0.529777
3.706 0.529471
3.708 0.529181
3.71 0.528907
3.712 0.528653
3.714 0.528419
3.716 0.528196
3.718 0.52799
3.72 0.527801
3.722 0.527629
3.724 0.527475
3.726 0.527336
3.728 0.527213
3.73 0.527105
3.732 0.527011
3.734 0.52704
3.736 0.527105
3.738 0.527191
3.74 0.527286
3.742 0.527391
3.744 0.527502
3.746 0.527617
3.748 0.527733
3.75 0.527849
3.752 0.527965
3.754 0.52808
3.756 0.528194
3.758 0.528307
3.76 0.528419
3.762 0.528529
3.764 0.528638
3.766 0.528747
3.768 0.528854
3.77 0.528961
3.772 0.529067
3.774 0.529172
3.776 0.529277
3.778 0.529381
3.78 0.529485
3.782 0.529589
3.784 0.529692
3.786 0.529795
3.788 0.529898
3.79 0.530001
3.792 0.530103
3.794 0.530211
3.796 0.530321
3.798 0.530434
3.8 0.530549
3.802 0.530667
3.804 0.530786
3.806 0.530907
3.808 0.531029
3.81 0.531152
3.812 0.531277
3.814 0.531402
3.816 0.531528
3.818 0.531655
3.82 0.531783
3.822 0.531919
3.824 0.532063
3.826 0.532217
3.828 0.53238
3.83 0.532552
3.832 0.532732
3.834 0.532919
3.836 0.533115
3.838 0.53332
3.84 0.533534
3.842 0.533756
3.844 0.533984
3.846 0.534217
3.848 0.534455
3.85 0.534698
3.852 0.534944
3.854 0.535193
3.856 0.535445
3.858 0.5357
3.86 0.535957
3.862 0.536218
3.864 0.536482
3.866 0.53675
3.868 0.537022
3.87 0.537298
3.872 0.537579
3.874 0.537865
3.876 0.538156
3.878 0.538452
3.88 0.538754
3.882 0.539061
3.884 0.539376
3.886 0.539698
3.888 0.540025
3.89 0.540359
3.892 0.540702
3.894 0.541052
3.896 0.541408
3.898 0.541771
3.9 0.542142
3.902 0.54252
3.904 0.542905
3.906 0.543296
3.908 0.543693
3.91 0.544097
3.912 0.544506
3.914 0.54492
3.916 0.545339
3.918 0.545761
3.92 0.546188
3.922 0.546618
3.924 0.547065
3.926 0.547537
3.928 0.548031
3.93 0.548526
3.932 0.549036
3.934 0.549525
3.936 0.550024
3.938 0.550521
3.94 0.551005
3.942 0.55151
3.944 0.552005
3.946 0.552506
3.948 0.552998
3.95 0.553486
3.952 0.553964
3.954 0.554433
3.956 0.554897
3.958 0.555356
3.96 0.555803
3.962 0.55624
3.964 0.556667
3.966 0.557083
3.968 0.557487
3.97 0.557879
3.972 0.558258
3.974 0.558623
3.976 0.558982
3.978 0.559326
3.98 0.559649
3.982 0.559956
3.984 0.560273
3.986 0.560591
3.988 0.560921
3.99 0.561264
3.992 0.561598
3.994 0.561927
3.996 0.562255
3.998 0.562572
4 0.562892
4.002 0.563212
4.004 0.563522
4.006 0.563828
4.008 0.564124
4.01 0.564417
4.012 0.5647
4.014 0.56498
4.016 0.565249
4.018 0.565518
4.02 0.565776
4.022 0.566035
4.024 0.566284
4.026 0.566534
4.028 0.566772
4.03 0.567001
4.032 0.567231
4.034 0.567452
4.036 0.567676
4.038 0.567889
4.04 0.568093
4.042 0.5683
4.044 0.568497
4.046 0.568683
4.048 0.568861
4.05 0.569041
4.052 0.569211
4.054 0.569372
4.056 0.569524
4.058 0.56968
4.06 0.569826
4.062 0.569963
4.064 0.570091
4.066 0.570212
4.068 0.570335
4.07 0.570449
4.072 0.570556
4.074 0.570653
4.076 0.570742
4.078 0.570823
4.08 0.570895
4.082 0.570959
4.084 0.571016
4.086 0.571065
4.088 0.571107
4.09 0.571141
4.092 0.571169
4.094 0.571191
4.096 0.571207
4.098 0.571218
4.1 0.571224
4.102 0.571226
4.104 0.571225
4.106 0.571222
4.108 0.571217
4.11 0.571212
4.112 0.571207
4.114 0.571203
4.116 0.571202
4.118 0.571204
4.12 0.57121
4.122 0.571221
4.124 0.571237
4.126 0.57126
4.128 0.57129
4.13 0.571327
4.132 0.571373
4.134 0.571428
4.136 0.571493
4.138 0.571569
4.14 0.571652
4.142 0.571738
4.144 0.571824
4.146 0.571909
4.148 0.571992
4.15 0.572074
4.152 0.572154
4.154 0.572232
4.156 0.572308
4.158 0.572384
4.16 0.57246
4.162 0.572535
4.164 0.572608
4.166 0.57268
4.168 0.57275
4.17 0.572817
4.172 0.572882
4.174 0.572944
4.176 0.573003
4.178 0.573058
4.18 0.573111
4.182 0.57316
4.184 0.573206
4.186 0.573272
4.188 0.573361
4.19 0.573463
4.192 0.573612
4.194 0.573783
4.196 0.573958
4.198 0.574129
4.2 0.574294
4.202 0.574446
4.204 0.574572
4.206 0.574674
4.208 0.574754
4.21 0.5748
4.212 0.574819
4.214 0.574817
4.216 0.57478
4.218 0.574713
4.22 0.57462
4.222 0.574502
4.224 0.574359
4.226 0.574195
4.228 0.574001
4.23 0.57378
4.232 0.573548
4.234 0.573293
4.236 0.573016
4.238 0.572717
4.24 0.57243
4.242 0.572127
4.244 0.571806
4.246 0.571736
4.248 0.571834
4.25 0.572034
4.252 0.572304
4.254 0.57262
4.256 0.572976
4.258 0.573365
4.26 0.573783
4.262 0.574224
4.264 0.574681
4.266 0.575146
4.268 0.575616
4.27 0.576092
4.272 0.576574
4.274 0.577055
4.276 0.577536
4.278 0.57802
4.28 0.578507
4.282 0.578998
4.284 0.579497
4.286 0.579991
4.288 0.580483
4.29 0.580977
4.292 0.581479
4.294 0.581977
4.296 0.58248
4.298 0.582975
4.3 0.583464
4.302 0.583959
4.304 0.584444
4.306 0.584924
4.308 0.585405
4.31 0.585882
4.312 0.586348
4.314 0.586811
4.316 0.587268
4.318 0.587713
4.32 0.588152
4.322 0.588583
4.324 0.589004
4.326 0.589416
4.328 0.589819
4.33 0.590213
4.332 0.590598
4.334 0.590973
4.336 0.591337
4.338 0.591697
4.34 0.592046
4.342 0.592364
4.344 0.592655
4.346 0.592931
4.348 0.593192
4.35 0.593426
4.352 0.593639
4.354 0.593841
4.356 0.594037
4.358 0.594206
4.36 0.594361
4.362 0.594517
4.364 0.59466
4.366 0.594785
4.368 0.594904
4.37 0.595018
4.372 0.595128
4.374 0.595222
4.376 0.595323
4.378 0.595433
4.38 0.595551
4.382 0.595647
4.384 0.595763
4.386 0.595902
4.388 0.596033
4.39 0.596186
4.392 0.596357
4.394 0.596542
4.396 0.596724
4.398 0.596916
4.4 0.597112
4.402 0.597311
4.404 0.597514
4.406 0.597718
4.408 0.597926
4.41 0.598134
4.412 0.598343
4.414 0.598557
4.416 0.598771
4.418 0.598992
4.42 0.599215
4.422 0.599442
4.424 0.599676
4.426 0.599908
4.428 0.600149
4.43 0.600392
4.432 0.60064
4.434 0.600892
4.436 0.601149
4.438 0.60141
4.44 0.60167
4.442 0.60192
4.444 0.602167
4.446 0.602406
4.448 0.602633
4.45 0.602848
4.452 0.603051
4.454 0.603243
4.456 0.603424
4.458 0.603596
4.46 0.603758
4.462 0.603913
4.464 0.604061
4.466 0.604204
4.468 0.604343
4.47 0.604522
4.472 0.604682
4.474 0.604845
4.476 0.604998
4.478 0.605145
4.48 0.605285
4.482 0.60542
4.484 0.60555
4.486 0.605675
4.488 0.605794
4.49 0.605909
4.492 0.606017
4.494 0.606121
4.496 0.606219
4.498 0.606311
4.5 0.606398
4.502 0.60648
4.504 0.606556
4.506 0.606626
4.508 0.606691
4.51 0.606749
4.512 0.606802
4.514 0.606848
4.516 0.606889
4.518 0.606923
4.52 0.60695
4.522 0.606971
4.524 0.606985
4.526 0.606992
4.528 0.606992
4.53 0.606984
4.532 0.60697
4.534 0.606947
4.536 0.606917
4.538 0.60688
4.54 0.606834
4.542 0.60678
4.544 0.606717
4.546 0.606647
4.548 0.606567
4.55 0.606479
4.552 0.606382
4.554 0.606276
4.556 0.60616
4.558 0.606036
4.56 0.605902
4.562 0.605758
4.564 0.605605
4.566 0.605442
4.568 0.605269
4.57 0.605086
4.572 0.604893
4.574 0.60469
4.576 0.604476
4.578 0.604253
4.58 0.604019
4.582 0.603774
4.584 0.603519
4.586 0.603254
4.588 0.602978
4.59 0.602692
4.592 0.602395
4.594 0.602122
4.596 0.601865
4.598 0.60162
4.6 0.601387
4.602 0.601166
4.604 0.600959
4.606 0.600766
4.608 0.600587
4.61 0.600419
4.612 0.600255
4.614 0.600092
4.616 0.599926
4.618 0.599752
4.62 0.599566
4.622 0.599367
4.624 0.599153
4.626 0.598921
4.628 0.59867
4.63 0.598398
4.632 0.598101
4.634 0.597779
4.636 0.597445
4.638 0.597075
4.64 0.596672
4.642 0.596236
4.644 0.595789
4.646 0.595293
4.648 0.594757
4.65 0.594213
4.652 0.593613
4.654 0.592967
4.656 0.592317
4.658 0.591604
4.66 0.59084
4.662 0.590077
4.664 0.589245
4.666 0.588358
4.668 0.58748
4.67 0.586529
4.672 0.585519
4.674 0.584528
4.676 0.583462
4.678 0.582336
4.68 0.58123
4.682 0.58006
4.684 0.578909
4.686 0.5777
4.688 0.576434
4.69 0.575192
4.692 0.573899
4.694 0.572562
4.696 0.571181
4.698 0.569838
4.7 0.568474
4.702 0.567144
4.704 0.565817
4.706 0.564466
4.708 0.563091
4.71 0.561756
4.712 0.560454
4.714 0.559252
4.716 0.55831
4.718 0.557363
4.72 0.556523
4.722 0.555726
4.724 0.554956
4.726 0.554206
4.728 0.553475
4.73 0.552761
4.732 0.552063
4.734 0.551382
4.736 0.550717
4.738 0.550069
4.74 0.549438
4.742 0.548825
4.744 0.548231
4.746 0.547707
4.748 0.547207
4.75 0.546734
4.752 0.546249
4.754 0.54576
4.756 0.545271
4.758 0.54478
4.76 0.544288
4.762 0.543795
4.764 0.543301
4.766 0.542805
4.768 0.542309
4.77 0.541813
4.772 0.541316
4.774 0.540818
4.776 0.54032
4.778 0.539822
4.78 0.539323
4.782 0.538824
4.784 0.538325
4.786 0.537827
4.788 0.537328
4.79 0.536829
4.792 0.53633
4.794 0.535831
4.796 0.535332
4.798 0.534833
4.8 0.534334
4.802 0.533835
4.804 0.533336
4.806 0.532838
4.808 0.532339
4.81 0.53184
4.812 0.531342
4.814 0.530844
4.816 0.530345
4.818 0.529847
4.82 0.529349
4.822 0.528851
4.824 0.528353
4.826 0.527856
4.828 0.527358
4.83 0.52686
4.832 0.526363
4.834 0.525866
4.836 0.525368
4.838 0.524871
4.84 0.524374
4.842 0.523877
4.844 0.52338
4.846 0.522884
4.848 0.522387
4.85 0.521893
4.852 0.521427
4.854 0.520973
4.856 0.520517
4.858 0.520051
4.86 0.519568
4.862 0.519065
4.864 0.518548
4.866 0.51802
4.868 0.517486
4.87 0.516949
4.872 0.51641
4.874 0.515873
4.876 0.515343
4.878 0.514821
4.88 0.514314
4.882 0.513819
4.884 0.513341
4.886 0.512879
4.888 0.512437
4.89 0.512189
4.892 0.512125
4.894 0.51213
4.896 0.51216
4.898 0.512294
4.9 0.512528
4.902 0.512845
4.904 0.513236
4.906 0.513694
4.908 0.514212
4.91 0.514786
4.912 0.515416
4.914 0.516098
4.916 0.516832
4.918 0.517618
4.92 0.518455
4.922 0.519344
4.924 0.520285
4.926 0.521279
4.928 0.522326
4.93 0.523427
4.932 0.524583
4.934 0.525796
4.936 0.527065
4.938 0.528314
4.94 0.529648
4.942 0.531054
4.944 0.532526
4.946 0.534059
4.948 0.535628
4.95 0.53722
4.952 0.538824
4.954 0.540451
4.956 0.542089
4.958 0.543735
4.96 0.545362
4.962 0.547003
4.964 0.548654
4.966 0.550316
4.968 0.551987
4.97 0.553664
4.972 0.555344
4.974 0.557039
4.976 0.558736
4.978 0.560433
4.98 0.562153
4.982 0.563881
4.984 0.565613
4.986 0.567353
4.988 0.569092
4.99 0.570826
4.992 0.572564
4.994 0.5743
4.996 0.576029
4.998 0.577758
5 0.579478
5.002 0.580987
5.004 0.582432
5.006 0.583927
5.008 0.585358
5.01 0.58687
5.012 0.588342
5.014 0.58986
5.016 0.591343
5.018 0.592846
5.02 0.594355
5.022 0.595826
5.024 0.597295
5.026 0.598722
5.028 0.600135
5.03 0.601505
5.032 0.602849
5.034 0.604148
5.036 0.605414
5.038 0.606655
5.04 0.607848
5.042 0.609001
5.044 0.610124
5.046 0.611195
5.048 0.61222
5.05 0.613207
5.052 0.614161
5.054 0.615064
5.056 0.615915
5.058 0.616723
5.06 0.617493
5.062 0.618224
5.064 0.618915
5.066 0.619558
5.068 0.620148
5.07 0.620687
5.072 0.621184
5.074 0.62164
5.076 0.622056
5.078 0.62243
5.08 0.622769
5.082 0.623063
5.084 0.623311
5.086 0.623523
5.088 0.623701
5.09 0.623847
5.092 0.62396
5.094 0.624042
5.096 0.624092
5.098 0.624112
5.1 0.624101
5.102 0.62406
5.104 0.62399
5.106 0.623891
5.108 0.623762
5.11 0.623605
5.112 0.623421
5.114 0.623208
5.116 0.622969
5.118 0.622704
5.12 0.622415
5.122 0.622103
5.124 0.621771
5.126 0.621421
5.128 0.621056
5.13 0.620679
5.132 0.620294
5.134 0.619905
5.136 0.619514
5.138 0.619127
5.14 0.618746
5.142 0.618376
5.144 0.618019
5.146 0.617678
5.148 0.617353
5.15 0.617039
5.152 0.61672
5.154 0.616392
5.156 0.616052
5.158 0.615701
5.16 0.615337
5.162 0.614961
5.164 0.614573
5.166 0.614171
5.168 0.613756
5.17 0.613328
5.172 0.612885
5.174 0.612428
5.176 0.611957
5.178 0.611471
5.18 0.610969
5.182 0.610452
5.184 0.609919
5.186 0.609371
5.188 0.608806
5.19 0.608225
5.192 0.607627
5.194 0.607014
5.196 0.606385
5.198 0.60574
5.2 0.60508
5.202 0.604404
5.204 0.603711
5.206 0.603002
5.208 0.602276
5.21 0.601533
5.212 0.600772
5.214 0.599992
5.216 0.599194
5.218 0.598377
5.22 0.597539
5.222 0.596682
5.224 0.595803
5.226 0.594901
5.228 0.593974
5.23 0.593024
5.232 0.59205
5.234 0.591054
5.236 0.590036
5.238 0.588997
5.24 0.587936
5.242 0.586854
5.244 0.58575
5.246 0.584626
5.248 0.58348
5.25 0.582313
5.252 0.581126
5.254 0.579917
5.256 0.578688
5.258 0.577438
5.26 0.576167
5.262 0.574875
5.264 0.573563
5.266 0.572231
5.268 0.570879
5.27 0.569508
5.272 0.568118
5.274 0.566709
5.276 0.565282
5.278 0.563838
5.28 0.562379
5.282 0.560904
5.284 0.559415
5.286 0.557914
5.288 0.556401
5.29 0.55488
5.292 0.55335
5.294 0.551816
5.296 0.55028
5.298 0.548743
5.3 0.54721
5.302 0.545683
5.304 0.544168
5.306 0.542668
5.308 0.541189
5.31 0.539737
5.312 0.538317
5.314 0.536938
5.316 0.535608
5.318 0.534454
5.32 0.533432
5.322 0.532543
5.324 0.531799
5.326 0.531134
5.328 0.531484
5.33 0.532122
5.332 0.532987
5.334 0.534029
5.336 0.535216
5.338 0.536527
5.34 0.537982
5.342 0.539622
5.344 0.541456
5.346 0.54349
5.348 0.545706
5.35 0.548075
5.352 0.550568
5.354 0.553157
5.356 0.555818
5.358 0.558524
5.36 0.561263
5.362 0.563994
5.364 0.566681
5.366 0.569311
5.368 0.571803
5.37 0.574157
5.372 0.576369
5.374 0.578439
5.376 0.580384
5.378 0.582228
5.38 0.58399
5.382 0.585684
5.384 0.587325
5.386 0.588924
5.388 0.590482
5.39 0.591971
5.392 0.593371
5.394 0.594685
5.396 0.595919
5.398 0.597078
5.4 0.598165
5.402 0.599185
5.404 0.60014
5.406 0.601032
5.408 0.601864
5.41 0.602638
5.412 0.603357
5.414 0.604023
5.416 0.60464
5.418 0.60525
5.42 0.606972
5.422 0.60884
5.424 0.610683
5.426 0.612448
5.428 0.614145
5.43 0.615781
5.432 0.617363
5.434 0.618895
5.436 0.620384
5.438 0.621832
5.44 0.623245
5.442 0.624657
5.444 0.626079
5.446 0.627511
5.448 0.628951
5.45 0.630397
5.452 0.631844
5.454 0.63329
5.456 0.63473
5.458 0.63652
5.46 0.638367
5.462 0.640185
5.464 0.641954
5.466 0.643667
5.468 0.645304
5.47 0.646813
5.472 0.648164
5.474 0.649336
5.476 0.65031
5.478 0.651068
5.48 0.651589
5.482 0.651851
5.484 0.651834
5.486 0.651513
5.488 0.650861
5.49 0.649853
5.492 0.648459
5.494 0.64665
5.496 0.644394
