d_amplitudeForeHip d_amplitudeHindHip d_offsetForeHip d_offsetHindHip d_amplitudeForeKnee d_amplitudeHindKnee d_offsetKnee d_kneePhaseLag d_frequency d_duration distance angle stability
0.4 0.4 0.0667 -0.0667 0.8133 0.5467 0.2 0.6 2 15 0 0.867958 488.092 
0.4 0.4 0.0667 -0.0667 0.8133 0.5267 0.2 0.6 2 3.114 0.24235 0.170573 460.939 
0.4 0.4 0.0667 -0.0667 0.8133 0.5067 0.2 0.6 2 15 0 0.883339 489.042 
0.4 0.4 0.0667 -0.0667 0.8133 0.4867 0.2 0.6 2 15 0.0347133 0.773602 487.619 
0.4 0.4 0.0667 -0.0667 0.8133 0.4667 0.2 0.6 2 3.774 0.147105 0.167207 468.027 
0.4 0.4 0.0667 -0.0667 0.8133 0.4467 0.2 0.6 2 9.222 0.0536905 0.173473 476.876 
0.4 0.4 0.0667 -0.0667 0.8133 0.4267 0.2 0.6 2 2.672 0 0.171377 458.532 
0.4 0.4 0.0667 -0.0667 0.8133 0.4067 0.2 0.6 2 11.73 0 0.173593 478.366 
0.4 0.4 0.0667 -0.0667 0.8133 0.3867 0.2 0.6 2 7.056 0 0.17043 477.239 
0.4 0.4 0.0667 -0.0667 0.8133 0.3667 0.2 0.6 2 4.956 0.164173 0.168225 470.469 
0.4 0.4 0.0667 -0.0667 0.8133 0.3467 0.2 0.6 2 15 0.0176665 0.830978 488.152 
0.4 0.4 0.0667 -0.0667 0.8133 0.3267 0.2 0.6 2 12.234 0.150486 0.173205 480.303 
0.4 0.4 0.0667 -0.0667 0.8133 0.3067 0.2 0.6 2 4.75 0 0.172062 472.282 
0.4 0.4 0.0667 -0.0667 0.8133 0.2867 0.2 0.6 2 1.984 0.0968382 0.173018 418.709 
0.4 0.4 0.0667 -0.0667 0.8133 0.2667 0.2 0.6 2 15 0.263714 0.825361 486.482 
0.4 0.4 0.0667 -0.0667 0.8133 0.2467 0.2 0.6 2 1.52 0 0.171375 439.848 
0.4 0.4 0.0667 -0.0667 0.8133 0.2267 0.2 0.6 2 15 0.0212365 0.853296 487.981 
0.4 0.4 0.0667 -0.0667 0.8133 0.2067 0.2 0.6 2 3.506 0 0.169258 470.039 
0.4 0.4 0.0667 -0.0667 0.8133 0.1867 0.2 0.6 2 15 0 0.836439 487.067 
0.4 0.4 0.0667 -0.0667 0.8133 0.1667 0.2 0.6 2 14.706 0 0.170279 490.121 
0.4 0.4 0.0667 -0.0667 0.7933 0.5467 0.2 0.6 2 1.974 0.137664 0.171788 404.917 
0.4 0.4 0.0667 -0.0667 0.7933 0.5267 0.2 0.6 2 15 0 0.801772 487.298 
0.4 0.4 0.0667 -0.0667 0.7933 0.5067 0.2 0.6 2 15 0.213074 0.892491 491.647 
0.4 0.4 0.0667 -0.0667 0.7933 0.4867 0.2 0.6 2 15 0.111579 0.895965 491.053 
0.4 0.4 0.0667 -0.0667 0.7933 0.4667 0.2 0.6 2 15 0 0.790761 485.732 
0.4 0.4 0.0667 -0.0667 0.7933 0.4467 0.2 0.6 2 2.968 0.01537 0.169268 438.878 
0.4 0.4 0.0667 -0.0667 0.7933 0.4267 0.2 0.6 2 3.24 0.0321317 0.167682 452.595 
0.4 0.4 0.0667 -0.0667 0.7933 0.4067 0.2 0.6 2 2.656 0.162782 0.17293 447.658 
0.4 0.4 0.0667 -0.0667 0.7933 0.3867 0.2 0.6 2 4.988 0 0.171302 453.061 
0.4 0.4 0.0667 -0.0667 0.7933 0.3667 0.2 0.6 2 7.702 0 0.165079 480.937 
0.4 0.4 0.0667 -0.0667 0.7933 0.3467 0.2 0.6 2 12.736 0.25267 0.172315 477.955 
0.4 0.4 0.0667 -0.0667 0.7933 0.3267 0.2 0.6 2 5.988 0 0.17048 476.215 
0.4 0.4 0.0667 -0.0667 0.7933 0.3067 0.2 0.6 2 10.848 0 0.172205 479.642 
0.4 0.4 0.0667 -0.0667 0.7933 0.2867 0.2 0.6 2 9.278 0 0.170568 466.955 
0.4 0.4 0.0667 -0.0667 0.7933 0.2667 0.2 0.6 2 1.832 0 0.171738 400.425 
0.4 0.4 0.0667 -0.0667 0.7933 0.2467 0.2 0.6 2 5.012 0 0.168543 476.468 
0.4 0.4 0.0667 -0.0667 0.7933 0.2267 0.2 0.6 2 5.228 0.079571 0.170183 475.195 
0.4 0.4 0.0667 -0.0667 0.7933 0.2067 0.2 0.6 2 15 0 0.832975 486.659 
0.4 0.4 0.0667 -0.0667 0.7933 0.1867 0.2 0.6 2 15 0.223534 0.858707 486.999 
0.4 0.4 0.0667 -0.0667 0.7933 0.1667 0.2 0.6 2 6.576 0.344415 0.167561 474.076 
0.4 0.4 0.0667 -0.0667 0.7733 0.5467 0.2 0.6 2 15 0.174513 0.849781 489.912 
0.4 0.4 0.0667 -0.0667 0.7733 0.5267 0.2 0.6 2 15 0 0.875264 489.213 
0.4 0.4 0.0667 -0.0667 0.7733 0.5067 0.2 0.6 2 15 0.0141085 0.832513 487.901 
0.4 0.4 0.0667 -0.0667 0.7733 0.4867 0.2 0.6 2 15 0 0.831972 486.962 
0.4 0.4 0.0667 -0.0667 0.7733 0.4667 0.2 0.6 2 1.742 0.15066 0.173193 421.508 
0.4 0.4 0.0667 -0.0667 0.7733 0.4467 0.2 0.6 2 15 0.0595392 0.841203 486.771 
0.4 0.4 0.0667 -0.0667 0.7733 0.4267 0.2 0.6 2 15 0 0.260369 379.918 
0.4 0.4 0.0667 -0.0667 0.7733 0.4067 0.2 0.6 2 15 0.0740873 0.887684 489.764 
0.4 0.4 0.0667 -0.0667 0.7733 0.3867 0.2 0.6 2 9.024 0 0.172965 479.23 
0.4 0.4 0.0667 -0.0667 0.7733 0.3667 0.2 0.6 2 15 0 0.710743 483.8 
0.4 0.4 0.0667 -0.0667 0.7733 0.3467 0.2 0.6 2 12.71 0.203276 0.173239 476.881 
0.4 0.4 0.0667 -0.0667 0.7733 0.3267 0.2 0.6 2 3.7 0 0.170798 454.046 
0.4 0.4 0.0667 -0.0667 0.7733 0.3067 0.2 0.6 2 15 0.286481 0.876576 487.391 
0.4 0.4 0.0667 -0.0667 0.7733 0.2867 0.2 0.6 2 1.724 0.241179 0.171344 427.514 
0.4 0.4 0.0667 -0.0667 0.7733 0.2667 0.2 0.6 2 9.552 0 0.169259 479.473 
0.4 0.4 0.0667 -0.0667 0.7733 0.2467 0.2 0.6 2 1.252 0.00483637 0.168665 430.163 
0.4 0.4 0.0667 -0.0667 0.7733 0.2267 0.2 0.6 2 14.462 0.460787 0.172013 481.704 
0.4 0.4 0.0667 -0.0667 0.7733 0.2067 0.2 0.6 2 12.218 0.533015 0.170285 482.091 
0.4 0.4 0.0667 -0.0667 0.7733 0.1867 0.2 0.6 2 14.034 0 0.173102 485.279 
0.4 0.4 0.0667 -0.0667 0.7733 0.1667 0.2 0.6 2 6.538 0.2225 0.168609 471.319 
0.4 0.4 0.0667 -0.0667 0.7533 0.5467 0.2 0.6 2 15 0.152929 0.765115 486.801 
0.4 0.4 0.0667 -0.0667 0.7533 0.5267 0.2 0.6 2 15 0 0.836487 485.254 
0.4 0.4 0.0667 -0.0667 0.7533 0.5067 0.2 0.6 2 6.304 0.07487 0.173417 454.295 
0.4 0.4 0.0667 -0.0667 0.7533 0.4867 0.2 0.6 2 10.192 0 0.172466 469.369 
0.4 0.4 0.0667 -0.0667 0.7533 0.4667 0.2 0.6 2 8.686 0.18216 0.169884 481.062 
0.4 0.4 0.0667 -0.0667 0.7533 0.4467 0.2 0.6 2 9.966 0.342623 0.171658 477.119 
0.4 0.4 0.0667 -0.0667 0.7533 0.4267 0.2 0.6 2 11.686 0 0.170021 484.113 
0.4 0.4 0.0667 -0.0667 0.7533 0.4067 0.2 0.6 2 15 0.11772 0.798322 487.818 
0.4 0.4 0.0667 -0.0667 0.7533 0.3867 0.2 0.6 2 2.428 0 0.173099 399.433 
0.4 0.4 0.0667 -0.0667 0.7533 0.3667 0.2 0.6 2 15 0 0.855154 488.407 
0.4 0.4 0.0667 -0.0667 0.7533 0.3467 0.2 0.6 2 15 0.323384 0.867284 488.42 
0.4 0.4 0.0667 -0.0667 0.7533 0.3267 0.2 0.6 2 1.71 0.305759 0.169432 437.452 
0.4 0.4 0.0667 -0.0667 0.7533 0.3067 0.2 0.6 2 1.976 0.343756 0.171134 418.802 
0.4 0.4 0.0667 -0.0667 0.7533 0.2867 0.2 0.6 2 1.592 0.212551 0.172576 442.129 
0.4 0.4 0.0667 -0.0667 0.7533 0.2667 0.2 0.6 2 2.688 0.125314 0.173118 444.624 
0.4 0.4 0.0667 -0.0667 0.7533 0.2467 0.2 0.6 2 1.762 0 0.173097 411.214 
0.4 0.4 0.0667 -0.0667 0.7533 0.2267 0.2 0.6 2 2.828 0.213042 0.173389 438.419 
0.4 0.4 0.0667 -0.0667 0.7533 0.2067 0.2 0.6 2 15 0.371608 0.72689 482.763 
0.4 0.4 0.0667 -0.0667 0.7533 0.1867 0.2 0.6 2 7.192 0.562828 0.170757 478.914 
0.4 0.4 0.0667 -0.0667 0.7533 0.1667 0.2 0.6 2 3.284 0 0.172827 455.784 
0.4 0.4 0.0667 -0.0667 0.7333 0.5467 0.2 0.6 2 15 0.804544 0.840838 492.695 
0.4 0.4 0.0667 -0.0667 0.7333 0.5267 0.2 0.6 2 15 0.10447 0.843453 490.358 
0.4 0.4 0.0667 -0.0667 0.7333 0.5067 0.2 0.6 2 1.884 0 0.170333 398.957 
0.4 0.4 0.0667 -0.0667 0.7333 0.4867 0.2 0.6 2 9.454 0.261633 0.173344 470.056 
0.4 0.4 0.0667 -0.0667 0.7333 0.4667 0.2 0.6 2 15 0 0.850554 491.991 
0.4 0.4 0.0667 -0.0667 0.7333 0.4467 0.2 0.6 2 15 0 0.847631 489.617 
0.4 0.4 0.0667 -0.0667 0.7333 0.4267 0.2 0.6 2 15 0.0678676 0.84757 489.442 
0.4 0.4 0.0667 -0.0667 0.7333 0.4067 0.2 0.6 2 15 0.546323 0.851461 490.459 
0.4 0.4 0.0667 -0.0667 0.7333 0.3867 0.2 0.6 2 15 0.606893 0.851973 491.351 
0.4 0.4 0.0667 -0.0667 0.7333 0.3667 0.2 0.6 2 15 0.245801 0.857407 490.119 
0.4 0.4 0.0667 -0.0667 0.7333 0.3467 0.2 0.6 2 8.254 0 0.169117 480.571 
0.4 0.4 0.0667 -0.0667 0.7333 0.3267 0.2 0.6 2 6.368 0.186948 0.172836 475.564 
0.4 0.4 0.0667 -0.0667 0.7333 0.3067 0.2 0.6 2 1.718 0.18225 0.170004 421.738 
0.4 0.4 0.0667 -0.0667 0.7333 0.2867 0.2 0.6 2 15 0.230173 0.851317 487.835 
0.4 0.4 0.0667 -0.0667 0.7333 0.2667 0.2 0.6 2 11.466 0.210131 0.167566 485.368 
0.4 0.4 0.0667 -0.0667 0.7333 0.2467 0.2 0.6 2 7.978 0.177464 0.165472 479.57 
0.4 0.4 0.0667 -0.0667 0.7333 0.2267 0.2 0.6 2 8.776 0 0.172563 479.507 
0.4 0.4 0.0667 -0.0667 0.7333 0.2067 0.2 0.6 2 15 0 0.84031 486.984 
0.4 0.4 0.0667 -0.0667 0.7333 0.1867 0.2 0.6 2 13.29 0.714388 0.172259 478.824 
0.4 0.4 0.0667 -0.0667 0.7333 0.1667 0.2 0.6 2 15 0 0.846072 485.124 
0.4 0.4 0.0667 -0.0667 0.7133 0.5467 0.2 0.6 2 12.854 0.276898 0.169595 482.096 
0.4 0.4 0.0667 -0.0667 0.7133 0.5267 0.2 0.6 2 15 1.50129 0.839941 496.758 
0.4 0.4 0.0667 -0.0667 0.7133 0.5067 0.2 0.6 2 7.712 0.141225 0.173102 466.803 
0.4 0.4 0.0667 -0.0667 0.7133 0.4867 0.2 0.6 2 1.63 0.130739 0.169844 432.638 
0.4 0.4 0.0667 -0.0667 0.7133 0.4667 0.2 0.6 2 8.458 0.124884 0.169574 478.111 
0.4 0.4 0.0667 -0.0667 0.7133 0.4467 0.2 0.6 2 14.648 0.109085 0.171661 481.655 
0.4 0.4 0.0667 -0.0667 0.7133 0.4267 0.2 0.6 2 15 0.237561 0.85164 488.994 
0.4 0.4 0.0667 -0.0667 0.7133 0.4067 0.2 0.6 2 15 0.00373311 0.851219 489.247 
0.4 0.4 0.0667 -0.0667 0.7133 0.3867 0.2 0.6 2 13.85 0.120153 0.172202 484.942 
0.4 0.4 0.0667 -0.0667 0.7133 0.3667 0.2 0.6 2 15 0.303363 0.854628 488.554 
0.4 0.4 0.0667 -0.0667 0.7133 0.3467 0.2 0.6 2 4.986 0 0.172185 461.147 
0.4 0.4 0.0667 -0.0667 0.7133 0.3267 0.2 0.6 2 5.81 0 0.172615 477.018 
0.4 0.4 0.0667 -0.0667 0.7133 0.3067 0.2 0.6 2 14.426 0 0.170664 484.78 
0.4 0.4 0.0667 -0.0667 0.7133 0.2867 0.2 0.6 2 15 0.250117 0.871591 489.282 
0.4 0.4 0.0667 -0.0667 0.7133 0.2667 0.2 0.6 2 13.248 0 0.171474 479.877 
0.4 0.4 0.0667 -0.0667 0.7133 0.2467 0.2 0.6 2 2.554 0 0.170923 457.545 
0.4 0.4 0.0667 -0.0667 0.7133 0.2267 0.2 0.6 2 9.77 0 0.169805 480.877 
0.4 0.4 0.0667 -0.0667 0.7133 0.2067 0.2 0.6 2 11.038 0.49838 0.171779 482.162 
0.4 0.4 0.0667 -0.0667 0.7133 0.1867 0.2 0.6 2 9.764 0 0.169654 479.433 
0.4 0.4 0.0667 -0.0667 0.7133 0.1667 0.2 0.6 2 4.014 0.0946648 0.168002 473.478 
0.4 0.4 0.0667 -0.0667 0.6933 0.5467 0.2 0.6 2 15 0.898584 0.835528 493.797 
0.4 0.4 0.0667 -0.0667 0.6933 0.5267 0.2 0.6 2 15 0.960028 0.831089 494.499 
0.4 0.4 0.0667 -0.0667 0.6933 0.5067 0.2 0.6 2 3.352 0.307823 0.173036 464.27 
0.4 0.4 0.0667 -0.0667 0.6933 0.4867 0.2 0.6 2 3.492 0.0961248 0.172331 463.483 
0.4 0.4 0.0667 -0.0667 0.6933 0.4667 0.2 0.6 2 15 1.31167 0.833012 493.081 
0.4 0.4 0.0667 -0.0667 0.6933 0.4467 0.2 0.6 2 15 0.392512 0.828493 490.157 
0.4 0.4 0.0667 -0.0667 0.6933 0.4267 0.2 0.6 2 10.3 0 0.170374 480.988 
0.4 0.4 0.0667 -0.0667 0.6933 0.4067 0.2 0.6 2 8.012 0.255981 0.170254 476.13 
0.4 0.4 0.0667 -0.0667 0.6933 0.3867 0.2 0.6 2 12.076 0.384675 0.169341 475.281 
0.4 0.4 0.0667 -0.0667 0.6933 0.3667 0.2 0.6 2 15 0.318811 0.851738 491.419 
0.4 0.4 0.0667 -0.0667 0.6933 0.3467 0.2 0.6 2 15 0 0.857971 489.849 
0.4 0.4 0.0667 -0.0667 0.6933 0.3267 0.2 0.6 2 15 0.359624 0.831833 489.361 
0.4 0.4 0.0667 -0.0667 0.6933 0.3067 0.2 0.6 2 4.51 0.0997377 0.17153 474.173 
0.4 0.4 0.0667 -0.0667 0.6933 0.2867 0.2 0.6 2 15 0.307754 0.86945 489.841 
0.4 0.4 0.0667 -0.0667 0.6933 0.2667 0.2 0.6 2 15 0 0.831254 486.378 
0.4 0.4 0.0667 -0.0667 0.6933 0.2467 0.2 0.6 2 3.99 0.179415 0.170464 467.989 
0.4 0.4 0.0667 -0.0667 0.6933 0.2267 0.2 0.6 2 15 0.0331014 0.813073 489.268 
0.4 0.4 0.0667 -0.0667 0.6933 0.2067 0.2 0.6 2 15 0.296019 0.850598 488.7 
0.4 0.4 0.0667 -0.0667 0.6933 0.1867 0.2 0.6 2 15 0.583983 0.866805 490.608 
0.4 0.4 0.0667 -0.0667 0.6933 0.1667 0.2 0.6 2 2.762 0 0.172717 467.973 
0.4 0.4 0.0667 -0.0667 0.6733 0.5467 0.2 0.6 2 2.456 0 0.167527 454.314 
0.4 0.4 0.0667 -0.0667 0.6733 0.5267 0.2 0.6 2 14.51 0 0.172893 486.288 
0.4 0.4 0.0667 -0.0667 0.6733 0.5067 0.2 0.6 2 15 1.78263 0.836743 497.998 
0.4 0.4 0.0667 -0.0667 0.6733 0.4867 0.2 0.6 2 15 1.67073 0.837898 495.147 
0.4 0.4 0.0667 -0.0667 0.6733 0.4667 0.2 0.6 2 15 0.162027 0.761803 488.472 
0.4 0.4 0.0667 -0.0667 0.6733 0.4467 0.2 0.6 2 15 1.35852 0.84835 495.229 
0.4 0.4 0.0667 -0.0667 0.6733 0.4267 0.2 0.6 2 15 1.27337 0.847462 495.189 
0.4 0.4 0.0667 -0.0667 0.6733 0.4067 0.2 0.6 2 15 0 0.852779 489.787 
0.4 0.4 0.0667 -0.0667 0.6733 0.3867 0.2 0.6 2 5.096 0.159415 0.173634 474.931 
0.4 0.4 0.0667 -0.0667 0.6733 0.3667 0.2 0.6 2 15 0.0547691 0.735306 489.173 
0.4 0.4 0.0667 -0.0667 0.6733 0.3467 0.2 0.6 2 9.012 0.0316094 0.169262 481.907 
0.4 0.4 0.0667 -0.0667 0.6733 0.3267 0.2 0.6 2 15 0 0.862689 487.671 
0.4 0.4 0.0667 -0.0667 0.6733 0.3067 0.2 0.6 2 15 0 0.859418 488.994 
0.4 0.4 0.0667 -0.0667 0.6733 0.2867 0.2 0.6 2 15 0.609576 0.87449 490.977 
0.4 0.4 0.0667 -0.0667 0.6733 0.2667 0.2 0.6 2 15 0.693338 0.702598 487.266 
0.4 0.4 0.0667 -0.0667 0.6733 0.2467 0.2 0.6 2 15 0.433795 0.71743 485.866 
0.4 0.4 0.0667 -0.0667 0.6733 0.2267 0.2 0.6 2 15 0.190454 0.864257 489.181 
0.4 0.4 0.0667 -0.0667 0.6733 0.2067 0.2 0.6 2 15 0.6523 0.896495 490.985 
0.4 0.4 0.0667 -0.0667 0.6733 0.1867 0.2 0.6 2 15 0 0.877068 489.234 
0.4 0.4 0.0667 -0.0667 0.6733 0.1667 0.2 0.6 2 15 0 0.731667 485.787 
0.4 0.4 0.0667 -0.0667 0.6533 0.5467 0.2 0.6 2 2.608 0.220659 0.17291 442.953 
0.4 0.4 0.0667 -0.0667 0.6533 0.5267 0.2 0.6 2 15 1.28402 0.836053 495.019 
0.4 0.4 0.0667 -0.0667 0.6533 0.5067 0.2 0.6 2 15 1.69237 0.839639 497.341 
0.4 0.4 0.0667 -0.0667 0.6533 0.4867 0.2 0.6 2 15 0.66914 0.846716 492.524 
0.4 0.4 0.0667 -0.0667 0.6533 0.4667 0.2 0.6 2 15 0.476672 0.849497 491.088 
0.4 0.4 0.0667 -0.0667 0.6533 0.4467 0.2 0.6 2 15 1.81572 0.850752 495.994 
0.4 0.4 0.0667 -0.0667 0.6533 0.4267 0.2 0.6 2 15 1.98974 0.816616 496.046 
0.4 0.4 0.0667 -0.0667 0.6533 0.4067 0.2 0.6 2 15 0.378417 0.854604 492.369 
0.4 0.4 0.0667 -0.0667 0.6533 0.3867 0.2 0.6 2 15 1.10827 0.855778 494.041 
0.4 0.4 0.0667 -0.0667 0.6533 0.3667 0.2 0.6 2 15 0.156712 0.860733 490.228 
0.4 0.4 0.0667 -0.0667 0.6533 0.3467 0.2 0.6 2 15 0 0.864027 489.763 
0.4 0.4 0.0667 -0.0667 0.6533 0.3267 0.2 0.6 2 15 0.743148 0.858198 491.131 
0.4 0.4 0.0667 -0.0667 0.6533 0.3067 0.2 0.6 2 15 0.768328 0.873448 492.437 
0.4 0.4 0.0667 -0.0667 0.6533 0.2867 0.2 0.6 2 15 0.516767 0.854238 490.017 
0.4 0.4 0.0667 -0.0667 0.6533 0.2667 0.2 0.6 2 15 0 0.773535 489.497 
0.4 0.4 0.0667 -0.0667 0.6533 0.2467 0.2 0.6 2 15 1.3068 0.858655 494.027 
0.4 0.4 0.0667 -0.0667 0.6533 0.2267 0.2 0.6 2 12.222 0.688812 0.166998 482.32 
0.4 0.4 0.0667 -0.0667 0.6533 0.2067 0.2 0.6 2 15 0.679479 0.892233 492.733 
0.4 0.4 0.0667 -0.0667 0.6533 0.1867 0.2 0.6 2 15 0.438546 0.717229 486.536 
0.4 0.4 0.0667 -0.0667 0.6533 0.1667 0.2 0.6 2 15 0.859458 0.879314 492.141 
0.4 0.4 0.0667 -0.0667 0.6333 0.5467 0.2 0.6 2 15 0.550123 0.842215 492.271 
0.4 0.4 0.0667 -0.0667 0.6333 0.5267 0.2 0.6 2 15 1.48134 0.83444 496.346 
0.4 0.4 0.0667 -0.0667 0.6333 0.5067 0.2 0.6 2 15 1.63296 0.839052 497.148 
0.4 0.4 0.0667 -0.0667 0.6333 0.4867 0.2 0.6 2 15 1.98831 0.839033 498.156 
0.4 0.4 0.0667 -0.0667 0.6333 0.4667 0.2 0.6 2 15 2.1047 0.849592 497.994 
0.4 0.4 0.0667 -0.0667 0.6333 0.4467 0.2 0.6 2 1.64 0 0.173391 426.395 
0.4 0.4 0.0667 -0.0667 0.6333 0.4267 0.2 0.6 2 15 2.07167 0.823384 492.621 
0.4 0.4 0.0667 -0.0667 0.6333 0.4067 0.2 0.6 2 15 1.46104 0.855717 495.418 
0.4 0.4 0.0667 -0.0667 0.6333 0.3867 0.2 0.6 2 15 1.885 0.856326 496.857 
0.4 0.4 0.0667 -0.0667 0.6333 0.3667 0.2 0.6 2 3.732 0 0.172673 458.604 
0.4 0.4 0.0667 -0.0667 0.6333 0.3467 0.2 0.6 2 15 0.452749 0.867446 492.438 
0.4 0.4 0.0667 -0.0667 0.6333 0.3267 0.2 0.6 2 15 0.8124 0.874382 493.525 
0.4 0.4 0.0667 -0.0667 0.6333 0.3067 0.2 0.6 2 15 0.292533 0.875582 491.909 
0.4 0.4 0.0667 -0.0667 0.6333 0.2867 0.2 0.6 2 15 1.26596 0.879166 494.034 
0.4 0.4 0.0667 -0.0667 0.6333 0.2667 0.2 0.6 2 9.984 0.722117 0.173476 482.541 
0.4 0.4 0.0667 -0.0667 0.6333 0.2467 0.2 0.6 2 15 0.656551 0.887688 493.02 
0.4 0.4 0.0667 -0.0667 0.6333 0.2267 0.2 0.6 2 15 0.174184 0.720591 487.293 
0.4 0.4 0.0667 -0.0667 0.6333 0.2067 0.2 0.6 2 15 1.67916 0.908983 496.378 
0.4 0.4 0.0667 -0.0667 0.6333 0.1867 0.2 0.6 2 15 1.1904 0.907862 494.722 
0.4 0.4 0.0667 -0.0667 0.6333 0.1667 0.2 0.6 2 15 1.36071 0.896795 495.252 
0.4 0.4 0.0667 -0.0667 0.6133 0.5467 0.2 0.6 2 15 1.64463 0.845238 496.862 
0.4 0.4 0.0667 -0.0667 0.6133 0.5267 0.2 0.6 2 15 1.22911 0.842005 494.659 
0.4 0.4 0.0667 -0.0667 0.6133 0.5067 0.2 0.6 2 15 1.93543 0.849887 497.347 
0.4 0.4 0.0667 -0.0667 0.6133 0.4867 0.2 0.6 2 15 2.00506 0.849173 497.768 
0.4 0.4 0.0667 -0.0667 0.6133 0.4667 0.2 0.6 2 15 2.08567 0.848788 497.142 
0.4 0.4 0.0667 -0.0667 0.6133 0.4467 0.2 0.6 2 15 0.478605 0.855359 491.096 
0.4 0.4 0.0667 -0.0667 0.6133 0.4267 0.2 0.6 2 1.804 0.302145 0.171098 425.521 
0.4 0.4 0.0667 -0.0667 0.6133 0.4067 0.2 0.6 2 2.026 0 0.172636 435.746 
0.4 0.4 0.0667 -0.0667 0.6133 0.3867 0.2 0.6 2 15 2.6492 0.858535 498.154 
0.4 0.4 0.0667 -0.0667 0.6133 0.3667 0.2 0.6 2 15 2.4806 0.862322 498.124 
0.4 0.4 0.0667 -0.0667 0.6133 0.3467 0.2 0.6 2 15 2.08081 0.867802 496.667 
0.4 0.4 0.0667 -0.0667 0.6133 0.3267 0.2 0.6 2 15 1.62594 0.8747 495.337 
0.4 0.4 0.0667 -0.0667 0.6133 0.3067 0.2 0.6 2 15 1.72998 0.866789 493.854 
0.4 0.4 0.0667 -0.0667 0.6133 0.2867 0.2 0.6 2 15 0.606762 0.885025 491.89 
0.4 0.4 0.0667 -0.0667 0.6133 0.2667 0.2 0.6 2 15 1.21278 0.838313 493.321 
0.4 0.4 0.0667 -0.0667 0.6133 0.2467 0.2 0.6 2 15 2.49213 0.926623 498.349 
0.4 0.4 0.0667 -0.0667 0.6133 0.2267 0.2 0.6 2 15 1.97273 0.909396 496.817 
0.4 0.4 0.0667 -0.0667 0.6133 0.2067 0.2 0.6 2 15 1.40679 0.916949 496.293 
0.4 0.4 0.0667 -0.0667 0.6133 0.1867 0.2 0.6 2 15 1.70373 0.901231 496.448 
0.4 0.4 0.0667 -0.0667 0.6133 0.1667 0.2 0.6 2 15 1.57115 0.903619 496.217 
0.4 0.4 0.0667 -0.0667 0.5933 0.5467 0.2 0.6 2 15 1.60653 0.848829 496.647 
0.4 0.4 0.0667 -0.0667 0.5933 0.5267 0.2 0.6 2 15 1.32791 0.773536 490.524 
0.4 0.4 0.0667 -0.0667 0.5933 0.5067 0.2 0.6 2 15 0.0499606 0.845988 492.895 
0.4 0.4 0.0667 -0.0667 0.5933 0.4867 0.2 0.6 2 15 2.03123 0.845969 497.404 
0.4 0.4 0.0667 -0.0667 0.5933 0.4667 0.2 0.6 2 15 1.76235 0.859026 496.373 
0.4 0.4 0.0667 -0.0667 0.5933 0.4467 0.2 0.6 2 15 1.45163 0.855487 493.875 
0.4 0.4 0.0667 -0.0667 0.5933 0.4267 0.2 0.6 2 1.732 0.231588 0.170727 422.355 
0.4 0.4 0.0667 -0.0667 0.5933 0.4067 0.2 0.6 2 2.26 0.0353443 0.162709 437.971 
0.4 0.4 0.0667 -0.0667 0.5933 0.3867 0.2 0.6 2 1.974 0 0.172386 420.18 
0.4 0.4 0.0667 -0.0667 0.5933 0.3667 0.2 0.6 2 15 2.08396 0.865125 496.6 
0.4 0.4 0.0667 -0.0667 0.5933 0.3467 0.2 0.6 2 15 1.71131 0.868806 496.105 
0.4 0.4 0.0667 -0.0667 0.5933 0.3267 0.2 0.6 2 15 1.84074 0.872783 495.781 
0.4 0.4 0.0667 -0.0667 0.5933 0.3067 0.2 0.6 2 15 1.93352 0.874958 496.507 
0.4 0.4 0.0667 -0.0667 0.5933 0.2867 0.2 0.6 2 15 2.64388 0.883166 498.498 
0.4 0.4 0.0667 -0.0667 0.5933 0.2667 0.2 0.6 2 15 2.02861 0.910209 496.877 
0.4 0.4 0.0667 -0.0667 0.5933 0.2467 0.2 0.6 2 15 1.92795 0.910537 496.655 
0.4 0.4 0.0667 -0.0667 0.5933 0.2267 0.2 0.6 2 15 2.08539 0.888847 497.075 
0.4 0.4 0.0667 -0.0667 0.5933 0.2067 0.2 0.6 2 7.174 0 0.172297 476.223 
0.4 0.4 0.0667 -0.0667 0.5933 0.1867 0.2 0.6 2 15 1.55774 0.863442 496.737 
0.4 0.4 0.0667 -0.0667 0.5933 0.1667 0.2 0.6 2 9.634 0.265427 0.173186 476.434 
0.4 0.4 0.0667 -0.0667 0.5733 0.5467 0.2 0.6 2 8.218 0.552271 0.171203 476.357 
0.4 0.4 0.0667 -0.0667 0.5733 0.5267 0.2 0.6 2 15 1.54858 0.859994 496.014 
0.4 0.4 0.0667 -0.0667 0.5733 0.5067 0.2 0.6 2 15 1.63538 0.853591 495.706 
0.4 0.4 0.0667 -0.0667 0.5733 0.4867 0.2 0.6 2 15 1.3291 0.848295 494.348 
0.4 0.4 0.0667 -0.0667 0.5733 0.4667 0.2 0.6 2 4.18 0.0850893 0.163438 461.547 
0.4 0.4 0.0667 -0.0667 0.5733 0.4467 0.2 0.6 2 15 2.30633 0.861165 498.089 
0.4 0.4 0.0667 -0.0667 0.5733 0.4267 0.2 0.6 2 15 1.24554 0.86237 494.204 
0.4 0.4 0.0667 -0.0667 0.5733 0.4067 0.2 0.6 2 1.878 0 0.172379 440.408 
0.4 0.4 0.0667 -0.0667 0.5733 0.3867 0.2 0.6 2 15 2.34397 0.867145 497.991 
0.4 0.4 0.0667 -0.0667 0.5733 0.3667 0.2 0.6 2 15 1.06831 0.868371 492.61 
0.4 0.4 0.0667 -0.0667 0.5733 0.3467 0.2 0.6 2 8.224 0.352494 0.171072 477.613 
0.4 0.4 0.0667 -0.0667 0.5733 0.3267 0.2 0.6 2 15 2.62675 0.875544 498.576 
0.4 0.4 0.0667 -0.0667 0.5733 0.3067 0.2 0.6 2 15 2.67637 0.877849 498.643 
0.4 0.4 0.0667 -0.0667 0.5733 0.2867 0.2 0.6 2 15 2.42994 0.762722 495.11 
0.4 0.4 0.0667 -0.0667 0.5733 0.2667 0.2 0.6 2 2.698 0.0565717 0.170717 452.6 
0.4 0.4 0.0667 -0.0667 0.5733 0.2467 0.2 0.6 2 15 1.52302 0.825459 495.146 
0.4 0.4 0.0667 -0.0667 0.5733 0.2267 0.2 0.6 2 15 1.57497 0.904367 496.461 
0.4 0.4 0.0667 -0.0667 0.5733 0.2067 0.2 0.6 2 15 1.88109 0.890021 497.8 
0.4 0.4 0.0667 -0.0667 0.5733 0.1867 0.2 0.6 2 15 1.75591 0.890167 497.617 
0.4 0.4 0.0667 -0.0667 0.5733 0.1667 0.2 0.6 2 11.708 0.487001 0.170039 468.186 
0.4 0.4 0.0667 -0.0667 0.5533 0.5467 0.2 0.6 2 15 1.15662 0.86753 493.952 
0.4 0.4 0.0667 -0.0667 0.5533 0.5267 0.2 0.6 2 15 0.872399 0.870328 492.663 
0.4 0.4 0.0667 -0.0667 0.5533 0.5067 0.2 0.6 2 15 0.493815 0.803063 489.849 
0.4 0.4 0.0667 -0.0667 0.5533 0.4867 0.2 0.6 2 15 0.982494 0.859855 492.941 
0.4 0.4 0.0667 -0.0667 0.5533 0.4667 0.2 0.6 2 15 0.388962 0.863455 493.651 
0.4 0.4 0.0667 -0.0667 0.5533 0.4467 0.2 0.6 2 15 0.279857 0.866999 491.499 
0.4 0.4 0.0667 -0.0667 0.5533 0.4267 0.2 0.6 2 15 1.99495 0.866456 497.17 
0.4 0.4 0.0667 -0.0667 0.5533 0.4067 0.2 0.6 2 15 2.19751 0.867541 498.011 
0.4 0.4 0.0667 -0.0667 0.5533 0.3867 0.2 0.6 2 10.84 0.275722 0.169698 482.829 
0.4 0.4 0.0667 -0.0667 0.5533 0.3667 0.2 0.6 2 15 2.23967 0.870647 497.95 
0.4 0.4 0.0667 -0.0667 0.5533 0.3467 0.2 0.6 2 15 2.2947 0.873135 496.945 
0.4 0.4 0.0667 -0.0667 0.5533 0.3267 0.2 0.6 2 1.73 0.188638 0.169616 433.061 
0.4 0.4 0.0667 -0.0667 0.5533 0.3067 0.2 0.6 2 2.626 0.1724 0.169085 446.654 
0.4 0.4 0.0667 -0.0667 0.5533 0.2867 0.2 0.6 2 15 1.72634 0.747135 486.969 
0.4 0.4 0.0667 -0.0667 0.5533 0.2667 0.2 0.6 2 1.494 0 0.173388 450.108 
0.4 0.4 0.0667 -0.0667 0.5533 0.2467 0.2 0.6 2 6.022 0.185223 0.170583 477.596 
0.4 0.4 0.0667 -0.0667 0.5533 0.2267 0.2 0.6 2 15 1.57655 0.902722 496.888 
0.4 0.4 0.0667 -0.0667 0.5533 0.2067 0.2 0.6 2 15 1.67577 0.890901 497.508 
0.4 0.4 0.0667 -0.0667 0.5533 0.1867 0.2 0.6 2 15 1.67427 0.890747 497.526 
0.4 0.4 0.0667 -0.0667 0.5533 0.1667 0.2 0.6 2 15 0.898399 0.841023 493.184 
0.4 0.4 0.0667 -0.0667 0.5333 0.5467 0.2 0.6 2 7.23 0 0.172793 480.51 
0.4 0.4 0.0667 -0.0667 0.5333 0.5267 0.2 0.6 2 13.144 0 0.171751 484.743 
0.4 0.4 0.0667 -0.0667 0.5333 0.5067 0.2 0.6 2 15 0.668027 0.784907 491.49 
0.4 0.4 0.0667 -0.0667 0.5333 0.4867 0.2 0.6 2 15 0.664808 0.863402 490.581 
0.4 0.4 0.0667 -0.0667 0.5333 0.4667 0.2 0.6 2 15 1.35856 0.860562 493.703 
0.4 0.4 0.0667 -0.0667 0.5333 0.4467 0.2 0.6 2 15 1.3369 0.868847 494.34 
0.4 0.4 0.0667 -0.0667 0.5333 0.4267 0.2 0.6 2 15 1.14372 0.870646 493.481 
0.4 0.4 0.0667 -0.0667 0.5333 0.4067 0.2 0.6 2 10.808 0.746117 0.170484 481.37 
0.4 0.4 0.0667 -0.0667 0.5333 0.3867 0.2 0.6 2 15 0.122094 0.762182 485.66 
0.4 0.4 0.0667 -0.0667 0.5333 0.3667 0.2 0.6 2 15 0.659911 0.892718 491.011 
0.4 0.4 0.0667 -0.0667 0.5333 0.3467 0.2 0.6 2 15 1.98166 0.88995 497.31 
0.4 0.4 0.0667 -0.0667 0.5333 0.3267 0.2 0.6 2 15 1.90734 0.66597 490.818 
0.4 0.4 0.0667 -0.0667 0.5333 0.3067 0.2 0.6 2 15 1.7915 0.726845 495.022 
0.4 0.4 0.0667 -0.0667 0.5333 0.2867 0.2 0.6 2 1.6 0 0.169371 430.202 
0.4 0.4 0.0667 -0.0667 0.5333 0.2667 0.2 0.6 2 1.722 0.0771754 0.171476 450.713 
0.4 0.4 0.0667 -0.0667 0.5333 0.2467 0.2 0.6 2 15 1.3599 0.891673 496.705 
0.4 0.4 0.0667 -0.0667 0.5333 0.2267 0.2 0.6 2 15 1.36742 0.88547 495.132 
0.4 0.4 0.0667 -0.0667 0.5333 0.2067 0.2 0.6 2 15 1.41302 0.893681 496.49 
0.4 0.4 0.0667 -0.0667 0.5333 0.1867 0.2 0.6 2 4.26 0 0.171018 448.209 
0.4 0.4 0.0667 -0.0667 0.5333 0.1667 0.2 0.6 2 7.61 0.25885 0.16571 471.231 
0.4 0.4 0.0667 -0.0667 0.5133 0.5467 0.2 0.6 2 15 0.385324 0.808898 490.868 
0.4 0.4 0.0667 -0.0667 0.5133 0.5267 0.2 0.6 2 15 1.13245 0.852981 491.345 
0.4 0.4 0.0667 -0.0667 0.5133 0.5067 0.2 0.6 2 11.778 0.586481 0.173588 486.745 
0.4 0.4 0.0667 -0.0667 0.5133 0.4867 0.2 0.6 2 15 0.855891 0.867896 492.081 
0.4 0.4 0.0667 -0.0667 0.5133 0.4667 0.2 0.6 2 15 0.720715 0.872084 492.614 
0.4 0.4 0.0667 -0.0667 0.5133 0.4467 0.2 0.6 2 8.862 0.306024 0.170316 479.718 
0.4 0.4 0.0667 -0.0667 0.5133 0.4267 0.2 0.6 2 15 0.176231 0.77205 490.011 
0.4 0.4 0.0667 -0.0667 0.5133 0.4067 0.2 0.6 2 15 1.17908 0.851669 491.922 
0.4 0.4 0.0667 -0.0667 0.5133 0.3867 0.2 0.6 2 15 1.30072 0.888947 494.082 
0.4 0.4 0.0667 -0.0667 0.5133 0.3667 0.2 0.6 2 15 0.899735 0.886754 493.213 
0.4 0.4 0.0667 -0.0667 0.5133 0.3467 0.2 0.6 2 10.414 0.402412 0.160417 481.388 
0.4 0.4 0.0667 -0.0667 0.5133 0.3267 0.2 0.6 2 15 1.81028 0.899874 495.865 
0.4 0.4 0.0667 -0.0667 0.5133 0.3067 0.2 0.6 2 15 0.722307 0.800781 488.261 
0.4 0.4 0.0667 -0.0667 0.5133 0.2867 0.2 0.6 2 1.626 0 0.170651 427.728 
0.4 0.4 0.0667 -0.0667 0.5133 0.2667 0.2 0.6 2 15 1.27557 0.722169 487.738 
0.4 0.4 0.0667 -0.0667 0.5133 0.2467 0.2 0.6 2 15 1.51802 0.88516 497.099 
0.4 0.4 0.0667 -0.0667 0.5133 0.2267 0.2 0.6 2 15 1.28496 0.886697 496.408 
0.4 0.4 0.0667 -0.0667 0.5133 0.2067 0.2 0.6 2 5.32 0 0.172983 471.029 
0.4 0.4 0.0667 -0.0667 0.5133 0.1867 0.2 0.6 2 15 1.20218 0.906247 496.819 
0.4 0.4 0.0667 -0.0667 0.5133 0.1667 0.2 0.6 2 15 1.15028 0.903975 496.685 
0.4 0.4 0.0667 -0.0667 0.4933 0.5467 0.2 0.6 2 13.902 0.844929 0.172924 478.064 
0.4 0.4 0.0667 -0.0667 0.4933 0.5267 0.2 0.6 2 4.26 0.471526 0.167523 474.729 
0.4 0.4 0.0667 -0.0667 0.4933 0.5067 0.2 0.6 2 15 0.692072 0.837969 491.588 
0.4 0.4 0.0667 -0.0667 0.4933 0.4867 0.2 0.6 2 15 0.361877 0.811113 482.848 
0.4 0.4 0.0667 -0.0667 0.4933 0.4667 0.2 0.6 2 8.45 0.531944 0.161588 480.198 
0.4 0.4 0.0667 -0.0667 0.4933 0.4467 0.2 0.6 2 10.25 0.330499 0.170638 484.673 
0.4 0.4 0.0667 -0.0667 0.4933 0.4267 0.2 0.6 2 8.416 0.430341 0.171078 471.884 
0.4 0.4 0.0667 -0.0667 0.4933 0.4067 0.2 0.6 2 5.988 0.551642 0.169119 472.101 
0.4 0.4 0.0667 -0.0667 0.4933 0.3867 0.2 0.6 2 15 1.42188 0.861303 493.863 
0.4 0.4 0.0667 -0.0667 0.4933 0.3667 0.2 0.6 2 15 0.120848 0.785571 490.867 
0.4 0.4 0.0667 -0.0667 0.4933 0.3467 0.2 0.6 2 1.604 0.267334 0.172797 442.092 
0.4 0.4 0.0667 -0.0667 0.4933 0.3267 0.2 0.6 2 1.868 0.100448 0.171859 440.34 
0.4 0.4 0.0667 -0.0667 0.4933 0.3067 0.2 0.6 2 15 1.45997 0.838903 496.156 
0.4 0.4 0.0667 -0.0667 0.4933 0.2867 0.2 0.6 2 8.502 0.378081 0.167225 463.501 
0.4 0.4 0.0667 -0.0667 0.4933 0.2667 0.2 0.6 2 1.572 0 0.168526 436.207 
0.4 0.4 0.0667 -0.0667 0.4933 0.2467 0.2 0.6 2 15 1.29315 0.875416 495.769 
0.4 0.4 0.0667 -0.0667 0.4933 0.2267 0.2 0.6 2 15 0.966266 0.620972 483.47 
0.4 0.4 0.0667 -0.0667 0.4933 0.2067 0.2 0.6 2 15 1.24409 0.897406 496.839 
0.4 0.4 0.0667 -0.0667 0.4933 0.1867 0.2 0.6 2 3.104 0.0500483 0.173252 457.542 
0.4 0.4 0.0667 -0.0667 0.4933 0.1667 0.2 0.6 2 2.27 0.0999572 0.166209 460.875 
0.4 0.4 0.0667 -0.0667 0.4733 0.5467 0.2 0.6 2 7.944 0.440986 0.172668 482.483 
0.4 0.4 0.0667 -0.0667 0.4733 0.5267 0.2 0.6 2 15 0 0.776091 482.802 
0.4 0.4 0.0667 -0.0667 0.4733 0.5067 0.2 0.6 2 15 0.925815 0.85044 490.107 
0.4 0.4 0.0667 -0.0667 0.4733 0.4867 0.2 0.6 2 15 0.658177 0.840326 489.402 
0.4 0.4 0.0667 -0.0667 0.4733 0.4667 0.2 0.6 2 5.452 0.279014 0.17291 446.408 
0.4 0.4 0.0667 -0.0667 0.4733 0.4467 0.2 0.6 2 15 1.15528 0.755053 487.616 
0.4 0.4 0.0667 -0.0667 0.4733 0.4267 0.2 0.6 2 10.158 0 0.165996 482.464 
0.4 0.4 0.0667 -0.0667 0.4733 0.4067 0.2 0.6 2 15 0.452893 0.884448 492.815 
0.4 0.4 0.0667 -0.0667 0.4733 0.3867 0.2 0.6 2 6.696 0.354074 0.171982 471.597 
0.4 0.4 0.0667 -0.0667 0.4733 0.3667 0.2 0.6 2 15 0.348892 0.832917 487.536 
0.4 0.4 0.0667 -0.0667 0.4733 0.3467 0.2 0.6 2 2.712 0.269309 0.170869 451.695 
0.4 0.4 0.0667 -0.0667 0.4733 0.3267 0.2 0.6 2 6.002 0.454963 0.164848 473.067 
0.4 0.4 0.0667 -0.0667 0.4733 0.3067 0.2 0.6 2 2.596 0.122041 0.173557 454.771 
0.4 0.4 0.0667 -0.0667 0.4733 0.2867 0.2 0.6 2 8.282 0.235362 0.171329 463.119 
0.4 0.4 0.0667 -0.0667 0.4733 0.2667 0.2 0.6 2 1.622 0 0.170642 431.181 
0.4 0.4 0.0667 -0.0667 0.4733 0.2467 0.2 0.6 2 15 0.777443 0.73369 484.745 
0.4 0.4 0.0667 -0.0667 0.4733 0.2267 0.2 0.6 2 15 1.0088 0.828688 491.33 
0.4 0.4 0.0667 -0.0667 0.4733 0.2067 0.2 0.6 2 3.464 0.160223 0.170541 464.673 
0.4 0.4 0.0667 -0.0667 0.4733 0.1867 0.2 0.6 2 15 1.11569 0.889086 494.629 
0.4 0.4 0.0667 -0.0667 0.4733 0.1667 0.2 0.6 2 15 1.22728 0.965662 497.097 
0.4 0.4 0.0667 -0.0667 0.4533 0.5467 0.2 0.6 2 15 0.83607 0.733663 485.959 
0.4 0.4 0.0667 -0.0667 0.4533 0.5267 0.2 0.6 2 3.024 0.240061 0.171314 465.957 
0.4 0.4 0.0667 -0.0667 0.4533 0.5067 0.2 0.6 2 15 0.383728 0.819724 485.683 
0.4 0.4 0.0667 -0.0667 0.4533 0.4867 0.2 0.6 2 3.904 0.412726 0.173663 450.968 
0.4 0.4 0.0667 -0.0667 0.4533 0.4667 0.2 0.6 2 2.746 0.193489 0.159277 454.21 
0.4 0.4 0.0667 -0.0667 0.4533 0.4467 0.2 0.6 2 9.742 0.868389 0.168901 481.488 
0.4 0.4 0.0667 -0.0667 0.4533 0.4267 0.2 0.6 2 8.498 0.59847 0.167255 478.198 
0.4 0.4 0.0667 -0.0667 0.4533 0.4067 0.2 0.6 2 7.984 0 0.173592 474.109 
0.4 0.4 0.0667 -0.0667 0.4533 0.3867 0.2 0.6 2 8.488 0.291529 0.166591 474.737 
0.4 0.4 0.0667 -0.0667 0.4533 0.3667 0.2 0.6 2 4.116 0 0.169291 446.886 
0.4 0.4 0.0667 -0.0667 0.4533 0.3467 0.2 0.6 2 1.694 0.138645 0.170694 452.942 
0.4 0.4 0.0667 -0.0667 0.4533 0.3267 0.2 0.6 2 6.252 0 0.165961 465.699 
0.4 0.4 0.0667 -0.0667 0.4533 0.3067 0.2 0.6 2 4.198 0.238455 0.162263 472.53 
0.4 0.4 0.0667 -0.0667 0.4533 0.2867 0.2 0.6 2 7.892 0 0.16168 451.665 
0.4 0.4 0.0667 -0.0667 0.4533 0.2667 0.2 0.6 2 7.47 0.0489023 0.169509 460.988 
0.4 0.4 0.0667 -0.0667 0.4533 0.2467 0.2 0.6 2 5.268 0.323167 0.165514 472.094 
0.4 0.4 0.0667 -0.0667 0.4533 0.2267 0.2 0.6 2 15 1.1766 0.904493 496.06 
0.4 0.4 0.0667 -0.0667 0.4533 0.2067 0.2 0.6 2 15 1.15162 0.902819 496.346 
0.4 0.4 0.0667 -0.0667 0.4533 0.1867 0.2 0.6 2 2.262 0.154589 0.16443 463.594 
0.4 0.4 0.0667 -0.0667 0.4533 0.1667 0.2 0.6 2 3.698 0.291526 0.172114 474.21 
0.4 0.4 0.0667 -0.0667 0.4333 0.5467 0.2 0.6 2 2.176 0.0848542 0.164357 468.875 
0.4 0.4 0.0667 -0.0667 0.4333 0.5267 0.2 0.6 2 15 0.432145 0.754131 487.423 
0.4 0.4 0.0667 -0.0667 0.4333 0.5067 0.2 0.6 2 10.362 0.269191 0.170377 476.639 
0.4 0.4 0.0667 -0.0667 0.4333 0.4867 0.2 0.6 2 2.706 0.172587 0.168309 472.161 
0.4 0.4 0.0667 -0.0667 0.4333 0.4667 0.2 0.6 2 4.91 0.408299 0.168043 465.63 
0.4 0.4 0.0667 -0.0667 0.4333 0.4467 0.2 0.6 2 5.104 0.258496 0.169125 470.849 
0.4 0.4 0.0667 -0.0667 0.4333 0.4267 0.2 0.6 2 15 0.72139 0.800666 488.244 
0.4 0.4 0.0667 -0.0667 0.4333 0.4067 0.2 0.6 2 4.794 0.290852 0.170949 470.934 
0.4 0.4 0.0667 -0.0667 0.4333 0.3867 0.2 0.6 2 5.184 0.187635 0.165192 477.672 
0.4 0.4 0.0667 -0.0667 0.4333 0.3667 0.2 0.6 2 1.71 0.119296 0.170497 429.79 
0.4 0.4 0.0667 -0.0667 0.4333 0.3467 0.2 0.6 2 15 1.19765 0.718029 487.505 
0.4 0.4 0.0667 -0.0667 0.4333 0.3267 0.2 0.6 2 7.78 0.129859 0.171455 472.826 
0.4 0.4 0.0667 -0.0667 0.4333 0.3067 0.2 0.6 2 15 0.199422 0.785618 485.329 
0.4 0.4 0.0667 -0.0667 0.4333 0.2867 0.2 0.6 2 6.422 0.227454 0.168774 472.346 
0.4 0.4 0.0667 -0.0667 0.4333 0.2667 0.2 0.6 2 15 1.10314 0.847311 495.503 
0.4 0.4 0.0667 -0.0667 0.4333 0.2467 0.2 0.6 2 15 0.940788 0.772575 493.692 
0.4 0.4 0.0667 -0.0667 0.4333 0.2267 0.2 0.6 2 6.72 0.130112 0.17076 472.212 
0.4 0.4 0.0667 -0.0667 0.4333 0.2067 0.2 0.6 2 4.68 0.370899 0.156571 477.445 
0.4 0.4 0.0667 -0.0667 0.4333 0.1867 0.2 0.6 2 2.976 0.105 0.173432 450.69 
0.4 0.4 0.0667 -0.0667 0.4333 0.1667 0.2 0.6 2 4.448 0.224675 0.172473 468.279 
