d_amplitudeForeHip d_amplitudeHindHip d_offsetForeHip d_offsetHindHip d_amplitudeForeKnee d_amplitudeHindKnee d_offsetKnee d_kneePhaseLag d_frequency d_duration distance angle stability
0.4 0.4 0.0667 -0.0667 0.8133 0.5467 0.2 1.2 2 14.71 1.21181 0.169804 487.779 
0.4 0.4 0.0667 -0.0667 0.8133 0.5267 0.2 1.2 2 15 1.21214 0.797928 488.352 
0.4 0.4 0.0667 -0.0667 0.8133 0.5067 0.2 1.2 2 15 2.2832 0.879647 495.815 
0.4 0.4 0.0667 -0.0667 0.8133 0.4867 0.2 1.2 2 9.852 0.478372 0.166393 484.974 
0.4 0.4 0.0667 -0.0667 0.8133 0.4667 0.2 1.2 2 14.862 0.462961 0.164706 486.527 
0.4 0.4 0.0667 -0.0667 0.8133 0.4467 0.2 1.2 2 15 0.512024 0.858085 492.481 
0.4 0.4 0.0667 -0.0667 0.8133 0.4267 0.2 1.2 2 15 1.10402 0.809254 491.549 
0.4 0.4 0.0667 -0.0667 0.8133 0.4067 0.2 1.2 2 15 0.240943 0.832315 492.757 
0.4 0.4 0.0667 -0.0667 0.8133 0.3867 0.2 1.2 2 15 1.72459 0.835354 495.337 
0.4 0.4 0.0667 -0.0667 0.8133 0.3667 0.2 1.2 2 15 1.95424 0.822137 494.87 
0.4 0.4 0.0667 -0.0667 0.8133 0.3467 0.2 1.2 2 15 2.18401 0.852716 496.171 
0.4 0.4 0.0667 -0.0667 0.8133 0.3267 0.2 1.2 2 15 2.35424 0.886338 496.33 
0.4 0.4 0.0667 -0.0667 0.8133 0.3067 0.2 1.2 2 15 1.99887 0.88549 495.983 
0.4 0.4 0.0667 -0.0667 0.8133 0.2867 0.2 1.2 2 15 2.18153 0.838789 494.472 
0.4 0.4 0.0667 -0.0667 0.8133 0.2667 0.2 1.2 2 1.53 0.178646 0.168785 416.392 
0.4 0.4 0.0667 -0.0667 0.8133 0.2467 0.2 1.2 2 15 2.06581 0.862842 496.642 
0.4 0.4 0.0667 -0.0667 0.8133 0.2267 0.2 1.2 2 15 1.99066 0.854661 496.254 
0.4 0.4 0.0667 -0.0667 0.8133 0.2067 0.2 1.2 2 15 1.58595 0.681577 488.54 
0.4 0.4 0.0667 -0.0667 0.8133 0.1867 0.2 1.2 2 15 1.80489 0.845862 495.831 
0.4 0.4 0.0667 -0.0667 0.8133 0.1667 0.2 1.2 2 2.954 0.0637302 0.160138 467.906 
0.4 0.4 0.0667 -0.0667 0.7933 0.5467 0.2 1.2 2 15 1.65636 0.803399 491.369 
0.4 0.4 0.0667 -0.0667 0.7933 0.5267 0.2 1.2 2 6.554 0.902891 0.169709 478.65 
0.4 0.4 0.0667 -0.0667 0.7933 0.5067 0.2 1.2 2 13.034 1.4764 0.171754 489.525 
0.4 0.4 0.0667 -0.0667 0.7933 0.4867 0.2 1.2 2 9.75 0 0.173535 479.099 
0.4 0.4 0.0667 -0.0667 0.7933 0.4667 0.2 1.2 2 15 0.749762 0.821669 492.614 
0.4 0.4 0.0667 -0.0667 0.7933 0.4467 0.2 1.2 2 14.612 0 0.167661 482.348 
0.4 0.4 0.0667 -0.0667 0.7933 0.4267 0.2 1.2 2 15 0.927498 0.834241 493.569 
0.4 0.4 0.0667 -0.0667 0.7933 0.4067 0.2 1.2 2 15 0.750288 0.824764 493.229 
0.4 0.4 0.0667 -0.0667 0.7933 0.3867 0.2 1.2 2 15 0.480812 0.828521 492.819 
0.4 0.4 0.0667 -0.0667 0.7933 0.3667 0.2 1.2 2 15 1.8405 0.840685 495.899 
0.4 0.4 0.0667 -0.0667 0.7933 0.3467 0.2 1.2 2 15 2.13195 0.850924 496.275 
0.4 0.4 0.0667 -0.0667 0.7933 0.3267 0.2 1.2 2 15 2.35792 0.88474 496.816 
0.4 0.4 0.0667 -0.0667 0.7933 0.3067 0.2 1.2 2 15 2.16456 0.891374 496.453 
0.4 0.4 0.0667 -0.0667 0.7933 0.2867 0.2 1.2 2 15 1.83772 0.830246 493.415 
0.4 0.4 0.0667 -0.0667 0.7933 0.2667 0.2 1.2 2 1.376 0.00233237 0.166887 411.204 
0.4 0.4 0.0667 -0.0667 0.7933 0.2467 0.2 1.2 2 1.26 0.0597033 0.171989 412.293 
0.4 0.4 0.0667 -0.0667 0.7933 0.2267 0.2 1.2 2 2.138 0.0962371 0.170741 422.99 
0.4 0.4 0.0667 -0.0667 0.7933 0.2067 0.2 1.2 2 15 1.64922 0.823948 494.117 
0.4 0.4 0.0667 -0.0667 0.7933 0.1867 0.2 1.2 2 5.33 0.323075 0.166561 458.781 
0.4 0.4 0.0667 -0.0667 0.7933 0.1667 0.2 1.2 2 15 1.51921 0.830617 496.462 
0.4 0.4 0.0667 -0.0667 0.7733 0.5467 0.2 1.2 2 15 1.07365 0.864662 493.56 
0.4 0.4 0.0667 -0.0667 0.7733 0.5267 0.2 1.2 2 15 1.9934 0.81427 495.103 
0.4 0.4 0.0667 -0.0667 0.7733 0.5067 0.2 1.2 2 15 0.775842 0.837423 492.297 
0.4 0.4 0.0667 -0.0667 0.7733 0.4867 0.2 1.2 2 15 1.1275 0.878032 493.353 
0.4 0.4 0.0667 -0.0667 0.7733 0.4667 0.2 1.2 2 8.094 0.503335 0.172561 479.095 
0.4 0.4 0.0667 -0.0667 0.7733 0.4467 0.2 1.2 2 15 0.783827 0.794721 490.339 
0.4 0.4 0.0667 -0.0667 0.7733 0.4267 0.2 1.2 2 15 1.89845 0.863799 495.506 
0.4 0.4 0.0667 -0.0667 0.7733 0.4067 0.2 1.2 2 15 0.814347 0.811607 491.735 
0.4 0.4 0.0667 -0.0667 0.7733 0.3867 0.2 1.2 2 15 0.786072 0.85821 493.408 
0.4 0.4 0.0667 -0.0667 0.7733 0.3667 0.2 1.2 2 15 2.48056 0.836394 496.098 
0.4 0.4 0.0667 -0.0667 0.7733 0.3467 0.2 1.2 2 15 1.97089 0.833077 495.878 
0.4 0.4 0.0667 -0.0667 0.7733 0.3267 0.2 1.2 2 15 2.39247 0.824115 496.264 
0.4 0.4 0.0667 -0.0667 0.7733 0.3067 0.2 1.2 2 15 1.92892 0.897974 496.909 
0.4 0.4 0.0667 -0.0667 0.7733 0.2867 0.2 1.2 2 1.992 0 0.171723 421.854 
0.4 0.4 0.0667 -0.0667 0.7733 0.2667 0.2 1.2 2 15 1.86922 0.716039 489.167 
0.4 0.4 0.0667 -0.0667 0.7733 0.2467 0.2 1.2 2 3.284 0.213789 0.169189 455.613 
0.4 0.4 0.0667 -0.0667 0.7733 0.2267 0.2 1.2 2 15 1.5661 0.835117 495.514 
0.4 0.4 0.0667 -0.0667 0.7733 0.2067 0.2 1.2 2 2.26 0.185028 0.171092 432.653 
0.4 0.4 0.0667 -0.0667 0.7733 0.1867 0.2 1.2 2 4.04 0 0.173559 465.395 
0.4 0.4 0.0667 -0.0667 0.7733 0.1667 0.2 1.2 2 4.454 0.16574 0.161162 478.168 
0.4 0.4 0.0667 -0.0667 0.7533 0.5467 0.2 1.2 2 4.09 0.191616 0.172448 472.21 
0.4 0.4 0.0667 -0.0667 0.7533 0.5267 0.2 1.2 2 10.528 0.259982 0.172044 476.912 
0.4 0.4 0.0667 -0.0667 0.7533 0.5067 0.2 1.2 2 5.84 0.194987 0.166435 461.837 
0.4 0.4 0.0667 -0.0667 0.7533 0.4867 0.2 1.2 2 15 1.0236 0.875671 493.554 
0.4 0.4 0.0667 -0.0667 0.7533 0.4667 0.2 1.2 2 13.588 1.26993 0.167504 487.498 
0.4 0.4 0.0667 -0.0667 0.7533 0.4467 0.2 1.2 2 13.038 1.12897 0.170741 485.991 
0.4 0.4 0.0667 -0.0667 0.7533 0.4267 0.2 1.2 2 15 1.68752 0.835399 494.684 
0.4 0.4 0.0667 -0.0667 0.7533 0.4067 0.2 1.2 2 4.258 0.295851 0.164615 469.161 
0.4 0.4 0.0667 -0.0667 0.7533 0.3867 0.2 1.2 2 15 0.216823 0.727462 484.04 
0.4 0.4 0.0667 -0.0667 0.7533 0.3667 0.2 1.2 2 15 1.02475 0.836862 493.205 
0.4 0.4 0.0667 -0.0667 0.7533 0.3467 0.2 1.2 2 15 2.00804 0.84633 496.393 
0.4 0.4 0.0667 -0.0667 0.7533 0.3267 0.2 1.2 2 15 1.51602 0.85857 496.266 
0.4 0.4 0.0667 -0.0667 0.7533 0.3067 0.2 1.2 2 15 1.75508 0.904314 496.833 
0.4 0.4 0.0667 -0.0667 0.7533 0.2867 0.2 1.2 2 1.762 0.114564 0.172301 434.266 
0.4 0.4 0.0667 -0.0667 0.7533 0.2667 0.2 1.2 2 1.854 0 0.173592 429.542 
0.4 0.4 0.0667 -0.0667 0.7533 0.2467 0.2 1.2 2 3.53 0.0876915 0.169984 443.606 
0.4 0.4 0.0667 -0.0667 0.7533 0.2267 0.2 1.2 2 2.278 0.233155 0.171668 422.609 
0.4 0.4 0.0667 -0.0667 0.7533 0.2067 0.2 1.2 2 15 1.41012 0.819707 496.223 
0.4 0.4 0.0667 -0.0667 0.7533 0.1867 0.2 1.2 2 6.584 0 0.170612 462.85 
0.4 0.4 0.0667 -0.0667 0.7533 0.1667 0.2 1.2 2 15 0.656277 0.672235 487.13 
0.4 0.4 0.0667 -0.0667 0.7333 0.5467 0.2 1.2 2 15 2.13951 0.867403 496.184 
0.4 0.4 0.0667 -0.0667 0.7333 0.5267 0.2 1.2 2 4.032 0.238764 0.171925 473.874 
0.4 0.4 0.0667 -0.0667 0.7333 0.5067 0.2 1.2 2 15 0 0.198917 335.885 
0.4 0.4 0.0667 -0.0667 0.7333 0.4867 0.2 1.2 2 6.74 0.53113 0.158602 474.559 
0.4 0.4 0.0667 -0.0667 0.7333 0.4667 0.2 1.2 2 15 1.63795 0.839784 494.828 
0.4 0.4 0.0667 -0.0667 0.7333 0.4467 0.2 1.2 2 9.524 0.747957 0.170693 478.544 
0.4 0.4 0.0667 -0.0667 0.7333 0.4267 0.2 1.2 2 15 1.05528 0.865178 494.258 
0.4 0.4 0.0667 -0.0667 0.7333 0.4067 0.2 1.2 2 14.504 0.372857 0.170321 480.051 
0.4 0.4 0.0667 -0.0667 0.7333 0.3867 0.2 1.2 2 3.066 0.144145 0.172732 423.329 
0.4 0.4 0.0667 -0.0667 0.7333 0.3667 0.2 1.2 2 15 0.565451 0.860554 493.422 
0.4 0.4 0.0667 -0.0667 0.7333 0.3467 0.2 1.2 2 15 0.9723 0.848028 494.424 
0.4 0.4 0.0667 -0.0667 0.7333 0.3267 0.2 1.2 2 15 1.23851 0.906009 495.989 
0.4 0.4 0.0667 -0.0667 0.7333 0.3067 0.2 1.2 2 15 1.27323 0.89505 496.019 
0.4 0.4 0.0667 -0.0667 0.7333 0.2867 0.2 1.2 2 7.478 0 0.165083 459.34 
0.4 0.4 0.0667 -0.0667 0.7333 0.2667 0.2 1.2 2 15 1.26768 0.727991 489.014 
0.4 0.4 0.0667 -0.0667 0.7333 0.2467 0.2 1.2 2 15 1.2591 0.824456 495.819 
0.4 0.4 0.0667 -0.0667 0.7333 0.2267 0.2 1.2 2 5.47 0.0911978 0.169838 464.13 
0.4 0.4 0.0667 -0.0667 0.7333 0.2067 0.2 1.2 2 15 1.33324 0.797838 495.568 
0.4 0.4 0.0667 -0.0667 0.7333 0.1867 0.2 1.2 2 15 1.1709 0.814189 496.112 
0.4 0.4 0.0667 -0.0667 0.7333 0.1667 0.2 1.2 2 8.1 0.271586 0.169418 481.505 
0.4 0.4 0.0667 -0.0667 0.7133 0.5467 0.2 1.2 2 15 1.39829 0.75084 492.992 
0.4 0.4 0.0667 -0.0667 0.7133 0.5267 0.2 1.2 2 4.036 0.31701 0.170972 474.724 
0.4 0.4 0.0667 -0.0667 0.7133 0.5067 0.2 1.2 2 10.542 1.26013 0.172166 485.781 
0.4 0.4 0.0667 -0.0667 0.7133 0.4867 0.2 1.2 2 12.284 0 0.171129 481.772 
0.4 0.4 0.0667 -0.0667 0.7133 0.4667 0.2 1.2 2 15 0.722044 0.7983 491.711 
0.4 0.4 0.0667 -0.0667 0.7133 0.4467 0.2 1.2 2 15 0.904706 0.831413 492.751 
0.4 0.4 0.0667 -0.0667 0.7133 0.4267 0.2 1.2 2 15 0.930336 0.817227 491.864 
0.4 0.4 0.0667 -0.0667 0.7133 0.4067 0.2 1.2 2 15 0.695734 0.848632 493.401 
0.4 0.4 0.0667 -0.0667 0.7133 0.3867 0.2 1.2 2 15 0.753595 0.836255 491.744 
0.4 0.4 0.0667 -0.0667 0.7133 0.3667 0.2 1.2 2 9.324 0.241898 0.170351 475.402 
0.4 0.4 0.0667 -0.0667 0.7133 0.3467 0.2 1.2 2 15 0.766777 0.657101 488.231 
0.4 0.4 0.0667 -0.0667 0.7133 0.3267 0.2 1.2 2 4.446 0.215252 0.172539 468.119 
0.4 0.4 0.0667 -0.0667 0.7133 0.3067 0.2 1.2 2 15 0.918303 0.888931 494.474 
0.4 0.4 0.0667 -0.0667 0.7133 0.2867 0.2 1.2 2 15 0.848025 0.802 489.403 
0.4 0.4 0.0667 -0.0667 0.7133 0.2667 0.2 1.2 2 15 1.16594 0.801718 493.976 
0.4 0.4 0.0667 -0.0667 0.7133 0.2467 0.2 1.2 2 3 0.187495 0.169096 463.872 
0.4 0.4 0.0667 -0.0667 0.7133 0.2267 0.2 1.2 2 4.242 0.138436 0.173447 449.383 
0.4 0.4 0.0667 -0.0667 0.7133 0.2067 0.2 1.2 2 7.874 0.292202 0.171937 448.755 
0.4 0.4 0.0667 -0.0667 0.7133 0.1867 0.2 1.2 2 7.868 0.315808 0.171217 477.094 
0.4 0.4 0.0667 -0.0667 0.7133 0.1667 0.2 1.2 2 3.27 0.128999 0.170226 465.493 
0.4 0.4 0.0667 -0.0667 0.6933 0.5467 0.2 1.2 2 8.772 0.334081 0.167635 476.536 
0.4 0.4 0.0667 -0.0667 0.6933 0.5267 0.2 1.2 2 3.016 0.222858 0.16827 468.817 
0.4 0.4 0.0667 -0.0667 0.6933 0.5067 0.2 1.2 2 7.23 0.89507 0.164117 483.329 
0.4 0.4 0.0667 -0.0667 0.6933 0.4867 0.2 1.2 2 4.414 0.353438 0.167843 466.155 
0.4 0.4 0.0667 -0.0667 0.6933 0.4667 0.2 1.2 2 12.064 0.254383 0.169477 465.476 
0.4 0.4 0.0667 -0.0667 0.6933 0.4467 0.2 1.2 2 15 1.3466 0.883079 494.02 
0.4 0.4 0.0667 -0.0667 0.6933 0.4267 0.2 1.2 2 15 0.840425 0.799269 491.973 
0.4 0.4 0.0667 -0.0667 0.6933 0.4067 0.2 1.2 2 9.738 0.456436 0.164145 477.339 
0.4 0.4 0.0667 -0.0667 0.6933 0.3867 0.2 1.2 2 6.33 0 0.168458 476.385 
0.4 0.4 0.0667 -0.0667 0.6933 0.3667 0.2 1.2 2 11.092 0.320938 0.172437 482.542 
0.4 0.4 0.0667 -0.0667 0.6933 0.3467 0.2 1.2 2 12.326 0.051466 0.166058 486.411 
0.4 0.4 0.0667 -0.0667 0.6933 0.3267 0.2 1.2 2 15 0.457926 0.866903 492.322 
0.4 0.4 0.0667 -0.0667 0.6933 0.3067 0.2 1.2 2 1.482 0.108131 0.17292 444.674 
0.4 0.4 0.0667 -0.0667 0.6933 0.2867 0.2 1.2 2 15 0.506465 0.888314 494.218 
0.4 0.4 0.0667 -0.0667 0.6933 0.2667 0.2 1.2 2 6.038 0.367203 0.166811 452.788 
0.4 0.4 0.0667 -0.0667 0.6933 0.2467 0.2 1.2 2 15 0.896479 0.801643 494.972 
0.4 0.4 0.0667 -0.0667 0.6933 0.2267 0.2 1.2 2 15 0.923596 0.770048 489.109 
0.4 0.4 0.0667 -0.0667 0.6933 0.2067 0.2 1.2 2 15 1.0475 0.758088 492.453 
0.4 0.4 0.0667 -0.0667 0.6933 0.1867 0.2 1.2 2 15 1.00188 0.801785 495.608 
0.4 0.4 0.0667 -0.0667 0.6933 0.1667 0.2 1.2 2 4.568 0.390718 0.169711 454.153 
0.4 0.4 0.0667 -0.0667 0.6733 0.5467 0.2 1.2 2 3.594 0.398438 0.166411 468.875 
0.4 0.4 0.0667 -0.0667 0.6733 0.5267 0.2 1.2 2 6.92 0.240804 0.161117 467.425 
0.4 0.4 0.0667 -0.0667 0.6733 0.5067 0.2 1.2 2 15 0.959457 0.795586 491.829 
0.4 0.4 0.0667 -0.0667 0.6733 0.4867 0.2 1.2 2 4.844 0.271464 0.167608 472.929 
0.4 0.4 0.0667 -0.0667 0.6733 0.4667 0.2 1.2 2 3.72 0.201208 0.171921 469.064 
0.4 0.4 0.0667 -0.0667 0.6733 0.4467 0.2 1.2 2 9.752 0 0.173192 479.776 
0.4 0.4 0.0667 -0.0667 0.6733 0.4267 0.2 1.2 2 15 0.457652 0.888144 492.985 
0.4 0.4 0.0667 -0.0667 0.6733 0.4067 0.2 1.2 2 13.18 0.404677 0.166701 482.469 
0.4 0.4 0.0667 -0.0667 0.6733 0.3867 0.2 1.2 2 15 0.584999 0.845896 492.098 
0.4 0.4 0.0667 -0.0667 0.6733 0.3667 0.2 1.2 2 13.84 0 0.168499 486.012 
0.4 0.4 0.0667 -0.0667 0.6733 0.3467 0.2 1.2 2 15 0.411314 0.813664 490.294 
0.4 0.4 0.0667 -0.0667 0.6733 0.3267 0.2 1.2 2 5.034 0.0908922 0.166144 463.667 
0.4 0.4 0.0667 -0.0667 0.6733 0.3067 0.2 1.2 2 15 0.692133 0.850396 490.908 
0.4 0.4 0.0667 -0.0667 0.6733 0.2867 0.2 1.2 2 15 0.567279 0.882039 494.02 
0.4 0.4 0.0667 -0.0667 0.6733 0.2667 0.2 1.2 2 15 1.0542 0.736014 491.083 
0.4 0.4 0.0667 -0.0667 0.6733 0.2467 0.2 1.2 2 15 0.885249 0.780513 494.562 
0.4 0.4 0.0667 -0.0667 0.6733 0.2267 0.2 1.2 2 15 0.141066 0.675338 481.907 
0.4 0.4 0.0667 -0.0667 0.6733 0.2067 0.2 1.2 2 4.972 0.347814 0.16818 453.773 
0.4 0.4 0.0667 -0.0667 0.6733 0.1867 0.2 1.2 2 3.31 0.207988 0.168883 458.15 
0.4 0.4 0.0667 -0.0667 0.6733 0.1667 0.2 1.2 2 5.18 0 0.166302 436.352 
0.4 0.4 0.0667 -0.0667 0.6533 0.5467 0.2 1.2 2 11.39 0.069932 0.164356 482.106 
0.4 0.4 0.0667 -0.0667 0.6533 0.5267 0.2 1.2 2 2.62 0.174127 0.172234 456.172 
0.4 0.4 0.0667 -0.0667 0.6533 0.5067 0.2 1.2 2 6.23 0.408349 0.165976 478.32 
0.4 0.4 0.0667 -0.0667 0.6533 0.4867 0.2 1.2 2 10.994 1.06093 0.173313 481.374 
0.4 0.4 0.0667 -0.0667 0.6533 0.4667 0.2 1.2 2 5.242 0.40594 0.165647 473.181 
0.4 0.4 0.0667 -0.0667 0.6533 0.4467 0.2 1.2 2 7.76 0.489941 0.171623 479.764 
0.4 0.4 0.0667 -0.0667 0.6533 0.4267 0.2 1.2 2 12.458 0.578593 0.173491 474.54 
0.4 0.4 0.0667 -0.0667 0.6533 0.4067 0.2 1.2 2 7.776 0 0.169956 465.437 
0.4 0.4 0.0667 -0.0667 0.6533 0.3867 0.2 1.2 2 11.342 0.555996 0.169044 485.211 
0.4 0.4 0.0667 -0.0667 0.6533 0.3667 0.2 1.2 2 5.118 0.270555 0.166162 470.029 
0.4 0.4 0.0667 -0.0667 0.6533 0.3467 0.2 1.2 2 15 0.587272 0.568568 478.716 
0.4 0.4 0.0667 -0.0667 0.6533 0.3267 0.2 1.2 2 7.766 0.51458 0.166476 477.012 
0.4 0.4 0.0667 -0.0667 0.6533 0.3067 0.2 1.2 2 1.516 0 0.172406 397.444 
0.4 0.4 0.0667 -0.0667 0.6533 0.2867 0.2 1.2 2 12.448 0.622072 0.171202 472.506 
0.4 0.4 0.0667 -0.0667 0.6533 0.2667 0.2 1.2 2 15 0.652212 0.789913 493.951 
0.4 0.4 0.0667 -0.0667 0.6533 0.2467 0.2 1.2 2 15 0.931087 0.767455 492.905 
0.4 0.4 0.0667 -0.0667 0.6533 0.2267 0.2 1.2 2 1.794 0 0.171226 432.752 
0.4 0.4 0.0667 -0.0667 0.6533 0.2067 0.2 1.2 2 1.944 0.219653 0.166346 445.45 
0.4 0.4 0.0667 -0.0667 0.6533 0.1867 0.2 1.2 2 7.396 0.278485 0.166321 473.058 
0.4 0.4 0.0667 -0.0667 0.6533 0.1667 0.2 1.2 2 15 1.0111 0.806109 494.476 
0.4 0.4 0.0667 -0.0667 0.6333 0.5467 0.2 1.2 2 3.68 0.294385 0.162623 471.132 
0.4 0.4 0.0667 -0.0667 0.6333 0.5267 0.2 1.2 2 3.698 0.231296 0.154108 455.801 
0.4 0.4 0.0667 -0.0667 0.6333 0.5067 0.2 1.2 2 8.088 0.45627 0.169975 456.496 
0.4 0.4 0.0667 -0.0667 0.6333 0.4867 0.2 1.2 2 7.692 0.624547 0.164891 473.93 
0.4 0.4 0.0667 -0.0667 0.6333 0.4667 0.2 1.2 2 11.026 0.240508 0.163504 472.923 
0.4 0.4 0.0667 -0.0667 0.6333 0.4467 0.2 1.2 2 4.262 0.277448 0.167311 469.538 
0.4 0.4 0.0667 -0.0667 0.6333 0.4267 0.2 1.2 2 9.372 0.482784 0.165487 477.118 
0.4 0.4 0.0667 -0.0667 0.6333 0.4067 0.2 1.2 2 15 0 0.696721 481.314 
0.4 0.4 0.0667 -0.0667 0.6333 0.3867 0.2 1.2 2 10.794 0.509229 0.168892 483.816 
0.4 0.4 0.0667 -0.0667 0.6333 0.3667 0.2 1.2 2 2.776 0.063471 0.170753 461.436 
0.4 0.4 0.0667 -0.0667 0.6333 0.3467 0.2 1.2 2 3.008 0.234815 0.165833 452.022 
0.4 0.4 0.0667 -0.0667 0.6333 0.3267 0.2 1.2 2 1.062 0.0629 0.163896 404.006 
0.4 0.4 0.0667 -0.0667 0.6333 0.3067 0.2 1.2 2 1.942 0 0.172347 403.692 
0.4 0.4 0.0667 -0.0667 0.6333 0.2867 0.2 1.2 2 2.784 0.210468 0.16808 456.307 
0.4 0.4 0.0667 -0.0667 0.6333 0.2667 0.2 1.2 2 12.234 0.257861 0.169632 477.144 
0.4 0.4 0.0667 -0.0667 0.6333 0.2467 0.2 1.2 2 4.282 0.280883 0.173519 461.448 
0.4 0.4 0.0667 -0.0667 0.6333 0.2267 0.2 1.2 2 5.97 0.0455482 0.173632 455.061 
0.4 0.4 0.0667 -0.0667 0.6333 0.2067 0.2 1.2 2 1.77 0 0.165875 435.462 
0.4 0.4 0.0667 -0.0667 0.6333 0.1867 0.2 1.2 2 2.714 0.19364 0.171355 450.07 
0.4 0.4 0.0667 -0.0667 0.6333 0.1667 0.2 1.2 2 3.236 0.394385 0.171298 426.673 
0.4 0.4 0.0667 -0.0667 0.6133 0.5467 0.2 1.2 2 10.798 0.535168 0.171909 474.4 
0.4 0.4 0.0667 -0.0667 0.6133 0.5267 0.2 1.2 2 5.522 0.130481 0.171356 465.976 
0.4 0.4 0.0667 -0.0667 0.6133 0.5067 0.2 1.2 2 2.28 0.171598 0.166902 458.05 
0.4 0.4 0.0667 -0.0667 0.6133 0.4867 0.2 1.2 2 4.096 0.357241 0.169785 462.746 
0.4 0.4 0.0667 -0.0667 0.6133 0.4667 0.2 1.2 2 4.246 0.0530834 0.172762 462.384 
0.4 0.4 0.0667 -0.0667 0.6133 0.4467 0.2 1.2 2 3.274 0.380078 0.173413 432.496 
0.4 0.4 0.0667 -0.0667 0.6133 0.4267 0.2 1.2 2 3.992 0.18784 0.167199 463.829 
0.4 0.4 0.0667 -0.0667 0.6133 0.4067 0.2 1.2 2 4.244 0.144622 0.173183 474.057 
0.4 0.4 0.0667 -0.0667 0.6133 0.3867 0.2 1.2 2 5.988 0.259983 0.173189 457.417 
0.4 0.4 0.0667 -0.0667 0.6133 0.3667 0.2 1.2 2 3.354 0.0954636 0.163823 465.711 
0.4 0.4 0.0667 -0.0667 0.6133 0.3467 0.2 1.2 2 1.656 0.0538407 0.169172 433.375 
0.4 0.4 0.0667 -0.0667 0.6133 0.3267 0.2 1.2 2 10.372 0.305442 0.172317 481.229 
0.4 0.4 0.0667 -0.0667 0.6133 0.3067 0.2 1.2 2 15 0.523493 0.634171 472.249 
0.4 0.4 0.0667 -0.0667 0.6133 0.2867 0.2 1.2 2 2.926 0.226377 0.167622 449.702 
0.4 0.4 0.0667 -0.0667 0.6133 0.2667 0.2 1.2 2 8.756 0 0.166442 484.084 
0.4 0.4 0.0667 -0.0667 0.6133 0.2467 0.2 1.2 2 6.714 0.132595 0.166174 473.775 
0.4 0.4 0.0667 -0.0667 0.6133 0.2267 0.2 1.2 2 7.696 0.320124 0.173401 479.838 
0.4 0.4 0.0667 -0.0667 0.6133 0.2067 0.2 1.2 2 2.158 0.0871081 0.164806 424.994 
0.4 0.4 0.0667 -0.0667 0.6133 0.1867 0.2 1.2 2 3.302 0.369634 0.172423 446.851 
0.4 0.4 0.0667 -0.0667 0.6133 0.1667 0.2 1.2 2 9.744 0 0.162322 466.969 
0.4 0.4 0.0667 -0.0667 0.5933 0.5467 0.2 1.2 2 4.04 0.169875 0.168216 460.188 
0.4 0.4 0.0667 -0.0667 0.5933 0.5267 0.2 1.2 2 1.818 0.243467 0.169361 443.754 
0.4 0.4 0.0667 -0.0667 0.5933 0.5067 0.2 1.2 2 7.306 0.896406 0.170573 471.936 
0.4 0.4 0.0667 -0.0667 0.5933 0.4867 0.2 1.2 2 1.84 0.176057 0.169886 445.715 
0.4 0.4 0.0667 -0.0667 0.5933 0.4667 0.2 1.2 2 2.694 0.174402 0.164929 463.084 
0.4 0.4 0.0667 -0.0667 0.5933 0.4467 0.2 1.2 2 4.842 0.170687 0.170218 456.729 
0.4 0.4 0.0667 -0.0667 0.5933 0.4267 0.2 1.2 2 1.73 0.0223047 0.163991 446.107 
0.4 0.4 0.0667 -0.0667 0.5933 0.4067 0.2 1.2 2 9.082 0.756235 0.167606 482.562 
0.4 0.4 0.0667 -0.0667 0.5933 0.3867 0.2 1.2 2 5.122 0.202688 0.171391 458.145 
0.4 0.4 0.0667 -0.0667 0.5933 0.3667 0.2 1.2 2 4.282 0.0896693 0.171565 466.545 
0.4 0.4 0.0667 -0.0667 0.5933 0.3467 0.2 1.2 2 7.494 0.374758 0.171543 473.33 
0.4 0.4 0.0667 -0.0667 0.5933 0.3267 0.2 1.2 2 0.984 0.0236905 0.172982 405.935 
0.4 0.4 0.0667 -0.0667 0.5933 0.3067 0.2 1.2 2 2.914 0 0.167032 429.656 
0.4 0.4 0.0667 -0.0667 0.5933 0.2867 0.2 1.2 2 4.526 0.309025 0.169922 447.647 
0.4 0.4 0.0667 -0.0667 0.5933 0.2667 0.2 1.2 2 3.946 0 0.171168 452.124 
0.4 0.4 0.0667 -0.0667 0.5933 0.2467 0.2 1.2 2 2.766 0.229134 0.170042 453.157 
0.4 0.4 0.0667 -0.0667 0.5933 0.2267 0.2 1.2 2 5.308 0 0.168938 472.444 
0.4 0.4 0.0667 -0.0667 0.5933 0.2067 0.2 1.2 2 2.616 0.160127 0.171552 448.031 
0.4 0.4 0.0667 -0.0667 0.5933 0.1867 0.2 1.2 2 3.442 0.207143 0.171473 462.118 
0.4 0.4 0.0667 -0.0667 0.5933 0.1667 0.2 1.2 2 12.344 0.480981 0.15877 475.811 
0.4 0.4 0.0667 -0.0667 0.5733 0.5467 0.2 1.2 2 2.39 0.182271 0.170719 439.43 
0.4 0.4 0.0667 -0.0667 0.5733 0.5267 0.2 1.2 2 2.502 0.246847 0.169541 462.374 
0.4 0.4 0.0667 -0.0667 0.5733 0.5067 0.2 1.2 2 11.002 0.432645 0.172194 477.194 
0.4 0.4 0.0667 -0.0667 0.5733 0.4867 0.2 1.2 2 2.972 0.347278 0.170578 449.395 
0.4 0.4 0.0667 -0.0667 0.5733 0.4667 0.2 1.2 2 8.632 0.368335 0.169609 468.663 
0.4 0.4 0.0667 -0.0667 0.5733 0.4467 0.2 1.2 2 6.964 0.602649 0.171605 479.594 
0.4 0.4 0.0667 -0.0667 0.5733 0.4267 0.2 1.2 2 8.192 0.654608 0.166101 471.064 
0.4 0.4 0.0667 -0.0667 0.5733 0.4067 0.2 1.2 2 1.788 0.130081 0.167439 444.739 
0.4 0.4 0.0667 -0.0667 0.5733 0.3867 0.2 1.2 2 5.142 0.336412 0.166973 453.387 
0.4 0.4 0.0667 -0.0667 0.5733 0.3667 0.2 1.2 2 0.92 0 0.162468 409.548 
0.4 0.4 0.0667 -0.0667 0.5733 0.3467 0.2 1.2 2 6.28 0.377011 0.172477 477.086 
0.4 0.4 0.0667 -0.0667 0.5733 0.3267 0.2 1.2 2 0.876 0 0.161479 407.162 
0.4 0.4 0.0667 -0.0667 0.5733 0.3067 0.2 1.2 2 5.876 0.194916 0.171369 464.288 
0.4 0.4 0.0667 -0.0667 0.5733 0.2867 0.2 1.2 2 6.954 0.307131 0.168557 467.469 
0.4 0.4 0.0667 -0.0667 0.5733 0.2667 0.2 1.2 2 1.866 0 0.17013 411.148 
0.4 0.4 0.0667 -0.0667 0.5733 0.2467 0.2 1.2 2 3.708 0.301927 0.171231 441.584 
0.4 0.4 0.0667 -0.0667 0.5733 0.2267 0.2 1.2 2 2.594 0.260314 0.170309 452.086 
0.4 0.4 0.0667 -0.0667 0.5733 0.2067 0.2 1.2 2 6.066 0.556923 0.169816 463.307 
0.4 0.4 0.0667 -0.0667 0.5733 0.1867 0.2 1.2 2 4.108 0 0.170859 447.36 
0.4 0.4 0.0667 -0.0667 0.5733 0.1667 0.2 1.2 2 5.894 0.426224 0.164505 469.374 
0.4 0.4 0.0667 -0.0667 0.5533 0.5467 0.2 1.2 2 3.394 0.280641 0.170975 464.671 
0.4 0.4 0.0667 -0.0667 0.5533 0.5267 0.2 1.2 2 2.852 0.102195 0.168334 453.19 
0.4 0.4 0.0667 -0.0667 0.5533 0.5067 0.2 1.2 2 1.818 0.131799 0.171337 442.788 
0.4 0.4 0.0667 -0.0667 0.5533 0.4867 0.2 1.2 2 11.428 0.811439 0.165809 462.156 
0.4 0.4 0.0667 -0.0667 0.5533 0.4667 0.2 1.2 2 5.714 0.401492 0.170853 439.401 
0.4 0.4 0.0667 -0.0667 0.5533 0.4467 0.2 1.2 2 4.142 0.417734 0.171584 466.622 
0.4 0.4 0.0667 -0.0667 0.5533 0.4267 0.2 1.2 2 14.41 0 0.169839 476.663 
0.4 0.4 0.0667 -0.0667 0.5533 0.4067 0.2 1.2 2 1.998 0.093675 0.170333 391.18 
0.4 0.4 0.0667 -0.0667 0.5533 0.3867 0.2 1.2 2 3.304 0.0638655 0.171209 442.962 
0.4 0.4 0.0667 -0.0667 0.5533 0.3667 0.2 1.2 2 3.196 0.0408741 0.169089 421.866 
0.4 0.4 0.0667 -0.0667 0.5533 0.3467 0.2 1.2 2 7.478 0.823249 0.173173 470.099 
0.4 0.4 0.0667 -0.0667 0.5533 0.3267 0.2 1.2 2 0.77 0.0358228 0.169643 417.811 
0.4 0.4 0.0667 -0.0667 0.5533 0.3067 0.2 1.2 2 6.45 0.406017 0.167329 461.545 
0.4 0.4 0.0667 -0.0667 0.5533 0.2867 0.2 1.2 2 1.768 0 0.168302 437.295 
0.4 0.4 0.0667 -0.0667 0.5533 0.2667 0.2 1.2 2 2.728 0.166729 0.164403 440.546 
0.4 0.4 0.0667 -0.0667 0.5533 0.2467 0.2 1.2 2 2.956 0.223825 0.163148 452.891 
0.4 0.4 0.0667 -0.0667 0.5533 0.2267 0.2 1.2 2 3.426 0 0.164293 445.596 
0.4 0.4 0.0667 -0.0667 0.5533 0.2067 0.2 1.2 2 7.308 0.377533 0.173658 466.245 
0.4 0.4 0.0667 -0.0667 0.5533 0.1867 0.2 1.2 2 3.904 0.364485 0.170119 464.966 
0.4 0.4 0.0667 -0.0667 0.5533 0.1667 0.2 1.2 2 11.614 0.511902 0.166999 476.123 
0.4 0.4 0.0667 -0.0667 0.5333 0.5467 0.2 1.2 2 2.968 0.160003 0.168859 425.21 
0.4 0.4 0.0667 -0.0667 0.5333 0.5267 0.2 1.2 2 2.148 0.112812 0.169743 432.868 
0.4 0.4 0.0667 -0.0667 0.5333 0.5067 0.2 1.2 2 2.526 0.181113 0.173278 451.344 
0.4 0.4 0.0667 -0.0667 0.5333 0.4867 0.2 1.2 2 7.09 0.0371119 0.172002 465.854 
0.4 0.4 0.0667 -0.0667 0.5333 0.4667 0.2 1.2 2 4.026 0 0.170001 457.613 
0.4 0.4 0.0667 -0.0667 0.5333 0.4467 0.2 1.2 2 2.182 0.157219 0.167385 435.577 
0.4 0.4 0.0667 -0.0667 0.5333 0.4267 0.2 1.2 2 1.874 0.128091 0.165861 437.407 
0.4 0.4 0.0667 -0.0667 0.5333 0.4067 0.2 1.2 2 1.846 0.174753 0.172351 416.501 
0.4 0.4 0.0667 -0.0667 0.5333 0.3867 0.2 1.2 2 3.828 0.589122 0.172881 427.617 
0.4 0.4 0.0667 -0.0667 0.5333 0.3667 0.2 1.2 2 3.652 0.372541 0.171759 459.211 
0.4 0.4 0.0667 -0.0667 0.5333 0.3467 0.2 1.2 2 0.744 0.0654939 0.173568 426.872 
0.4 0.4 0.0667 -0.0667 0.5333 0.3267 0.2 1.2 2 0.778 0.0206499 0.171992 420.683 
0.4 0.4 0.0667 -0.0667 0.5333 0.3067 0.2 1.2 2 1.002 0.00382253 0.165695 402.651 
0.4 0.4 0.0667 -0.0667 0.5333 0.2867 0.2 1.2 2 2.244 0 0.172227 391.147 
0.4 0.4 0.0667 -0.0667 0.5333 0.2667 0.2 1.2 2 6.96 0 0.170933 459.9 
0.4 0.4 0.0667 -0.0667 0.5333 0.2467 0.2 1.2 2 2.68 0.093409 0.172438 451.388 
0.4 0.4 0.0667 -0.0667 0.5333 0.2267 0.2 1.2 2 6.266 0.554136 0.172563 456.682 
0.4 0.4 0.0667 -0.0667 0.5333 0.2067 0.2 1.2 2 2.586 0.170418 0.171732 452.598 
0.4 0.4 0.0667 -0.0667 0.5333 0.1867 0.2 1.2 2 1.802 0 0.170375 443.994 
0.4 0.4 0.0667 -0.0667 0.5333 0.1667 0.2 1.2 2 3.726 0 0.171471 453.471 
0.4 0.4 0.0667 -0.0667 0.5133 0.5467 0.2 1.2 2 15 1.72234 0.662723 492.532 
0.4 0.4 0.0667 -0.0667 0.5133 0.5267 0.2 1.2 2 3.23 0 0.173367 450.865 
0.4 0.4 0.0667 -0.0667 0.5133 0.5067 0.2 1.2 2 2.79 0.33396 0.169053 447.731 
0.4 0.4 0.0667 -0.0667 0.5133 0.4867 0.2 1.2 2 2.054 0.355448 0.164767 436.423 
0.4 0.4 0.0667 -0.0667 0.5133 0.4667 0.2 1.2 2 1.472 0.215733 0.168485 446.589 
0.4 0.4 0.0667 -0.0667 0.5133 0.4467 0.2 1.2 2 5.886 0.364495 0.169794 457.358 
0.4 0.4 0.0667 -0.0667 0.5133 0.4267 0.2 1.2 2 5.078 0.396647 0.167309 460.632 
0.4 0.4 0.0667 -0.0667 0.5133 0.4067 0.2 1.2 2 1.654 0.202647 0.170308 426.728 
0.4 0.4 0.0667 -0.0667 0.5133 0.3867 0.2 1.2 2 1.264 0.0758567 0.169223 425.55 
0.4 0.4 0.0667 -0.0667 0.5133 0.3667 0.2 1.2 2 0.99 0.0636931 0.164511 413.61 
0.4 0.4 0.0667 -0.0667 0.5133 0.3467 0.2 1.2 2 0.802 0.0246705 0.169337 419.441 
0.4 0.4 0.0667 -0.0667 0.5133 0.3267 0.2 1.2 2 0.77 0.046653 0.168603 423.061 
0.4 0.4 0.0667 -0.0667 0.5133 0.3067 0.2 1.2 2 1.028 0.0112668 0.165968 402.203 
0.4 0.4 0.0667 -0.0667 0.5133 0.2867 0.2 1.2 2 4.182 0 0.168417 452.881 
0.4 0.4 0.0667 -0.0667 0.5133 0.2667 0.2 1.2 2 3.464 0.406857 0.162983 451.233 
0.4 0.4 0.0667 -0.0667 0.5133 0.2467 0.2 1.2 2 1.706 0 0.167083 442.821 
0.4 0.4 0.0667 -0.0667 0.5133 0.2267 0.2 1.2 2 9.032 0 0.173274 470.232 
0.4 0.4 0.0667 -0.0667 0.5133 0.2067 0.2 1.2 2 4.052 0 0.170573 441.593 
0.4 0.4 0.0667 -0.0667 0.5133 0.1867 0.2 1.2 2 8.276 0.322503 0.166783 469.817 
0.4 0.4 0.0667 -0.0667 0.5133 0.1667 0.2 1.2 2 8.412 0.330717 0.171341 477.758 
0.4 0.4 0.0667 -0.0667 0.4933 0.5467 0.2 1.2 2 6.496 0.451823 0.164589 467.49 
0.4 0.4 0.0667 -0.0667 0.4933 0.5267 0.2 1.2 2 9.91 0.0596439 0.165065 464.481 
0.4 0.4 0.0667 -0.0667 0.4933 0.5067 0.2 1.2 2 5.682 0.40449 0.167456 455.665 
0.4 0.4 0.0667 -0.0667 0.4933 0.4867 0.2 1.2 2 7.574 0 0.168177 466.848 
0.4 0.4 0.0667 -0.0667 0.4933 0.4667 0.2 1.2 2 15 0.755722 0.671012 472.807 
0.4 0.4 0.0667 -0.0667 0.4933 0.4467 0.2 1.2 2 2.53 0.211195 0.172875 460.386 
0.4 0.4 0.0667 -0.0667 0.4933 0.4267 0.2 1.2 2 4.786 0.308214 0.170871 452.459 
0.4 0.4 0.0667 -0.0667 0.4933 0.4067 0.2 1.2 2 6.998 0 0.166646 462.118 
0.4 0.4 0.0667 -0.0667 0.4933 0.3867 0.2 1.2 2 1.744 0.0199826 0.173047 405.554 
0.4 0.4 0.0667 -0.0667 0.4933 0.3667 0.2 1.2 2 2.134 0.430546 0.173344 421.792 
0.4 0.4 0.0667 -0.0667 0.4933 0.3467 0.2 1.2 2 0.954 0.0758809 0.17045 410.368 
0.4 0.4 0.0667 -0.0667 0.4933 0.3267 0.2 1.2 2 0.83 0.023691 0.171778 410.128 
0.4 0.4 0.0667 -0.0667 0.4933 0.3067 0.2 1.2 2 0.824 0.0250234 0.16758 410.496 
0.4 0.4 0.0667 -0.0667 0.4933 0.2867 0.2 1.2 2 10.188 0.841848 0.1687 462.616 
0.4 0.4 0.0667 -0.0667 0.4933 0.2667 0.2 1.2 2 5.472 0.591681 0.170655 436.588 
0.4 0.4 0.0667 -0.0667 0.4933 0.2467 0.2 1.2 2 3.442 0.090327 0.172839 456.123 
0.4 0.4 0.0667 -0.0667 0.4933 0.2267 0.2 1.2 2 6.704 0.668522 0.168225 457.188 
0.4 0.4 0.0667 -0.0667 0.4933 0.2067 0.2 1.2 2 2.022 0.403771 0.17286 413.479 
0.4 0.4 0.0667 -0.0667 0.4933 0.1867 0.2 1.2 2 3.912 0.382917 0.164567 442.291 
0.4 0.4 0.0667 -0.0667 0.4933 0.1667 0.2 1.2 2 4.95 0.417259 0.161646 461.204 
0.4 0.4 0.0667 -0.0667 0.4733 0.5467 0.2 1.2 2 3.22 0.246895 0.170163 458.676 
0.4 0.4 0.0667 -0.0667 0.4733 0.5267 0.2 1.2 2 2.73 0.130352 0.172142 414.883 
0.4 0.4 0.0667 -0.0667 0.4733 0.5067 0.2 1.2 2 9.214 0 0.171025 467.733 
0.4 0.4 0.0667 -0.0667 0.4733 0.4867 0.2 1.2 2 2.224 0.20063 0.172695 397.63 
0.4 0.4 0.0667 -0.0667 0.4733 0.4667 0.2 1.2 2 8.838 0.448878 0.17251 464.874 
0.4 0.4 0.0667 -0.0667 0.4733 0.4467 0.2 1.2 2 10.398 0.221767 0.172254 463.891 
0.4 0.4 0.0667 -0.0667 0.4733 0.4267 0.2 1.2 2 14.138 0.219669 0.170511 462.106 
0.4 0.4 0.0667 -0.0667 0.4733 0.4067 0.2 1.2 2 4.54 0.386053 0.170361 448.999 
0.4 0.4 0.0667 -0.0667 0.4733 0.3867 0.2 1.2 2 7.934 0.165363 0.172392 465.505 
0.4 0.4 0.0667 -0.0667 0.4733 0.3667 0.2 1.2 2 1.504 0.134801 0.169776 397.064 
0.4 0.4 0.0667 -0.0667 0.4733 0.3467 0.2 1.2 2 8.55 0.804463 0.170414 437.868 
0.4 0.4 0.0667 -0.0667 0.4733 0.3267 0.2 1.2 2 0.992 0.0593929 0.170188 413 
0.4 0.4 0.0667 -0.0667 0.4733 0.3067 0.2 1.2 2 0.836 0.0189217 0.167559 409.278 
0.4 0.4 0.0667 -0.0667 0.4733 0.2867 0.2 1.2 2 1.786 0.0888949 0.167611 438.369 
0.4 0.4 0.0667 -0.0667 0.4733 0.2667 0.2 1.2 2 1.594 0 0.172583 389.732 
0.4 0.4 0.0667 -0.0667 0.4733 0.2467 0.2 1.2 2 1.256 0.17012 0.171432 401.796 
0.4 0.4 0.0667 -0.0667 0.4733 0.2267 0.2 1.2 2 2.932 0.333983 0.172247 433.519 
0.4 0.4 0.0667 -0.0667 0.4733 0.2067 0.2 1.2 2 1.552 0.202872 0.167802 434.396 
0.4 0.4 0.0667 -0.0667 0.4733 0.1867 0.2 1.2 2 3.156 0 0.165581 449.561 
0.4 0.4 0.0667 -0.0667 0.4733 0.1667 0.2 1.2 2 6.636 0.184768 0.168489 459.858 
0.4 0.4 0.0667 -0.0667 0.4533 0.5467 0.2 1.2 2 9.72 0 0.172881 464.768 
0.4 0.4 0.0667 -0.0667 0.4533 0.5267 0.2 1.2 2 6.988 0 0.164946 470.958 
0.4 0.4 0.0667 -0.0667 0.4533 0.5067 0.2 1.2 2 5.17 0 0.17278 442.577 
0.4 0.4 0.0667 -0.0667 0.4533 0.4867 0.2 1.2 2 3.434 0.376141 0.170901 445.184 
0.4 0.4 0.0667 -0.0667 0.4533 0.4667 0.2 1.2 2 13.232 0 0.170952 465.138 
0.4 0.4 0.0667 -0.0667 0.4533 0.4467 0.2 1.2 2 2.538 0.388477 0.157302 449.238 
0.4 0.4 0.0667 -0.0667 0.4533 0.4267 0.2 1.2 2 1.51 0.204553 0.172679 445.318 
0.4 0.4 0.0667 -0.0667 0.4533 0.4067 0.2 1.2 2 8.6 0.0277253 0.167404 475.727 
0.4 0.4 0.0667 -0.0667 0.4533 0.3867 0.2 1.2 2 7.096 0.688385 0.173296 476.892 
0.4 0.4 0.0667 -0.0667 0.4533 0.3667 0.2 1.2 2 3.528 0.0250126 0.173192 449.395 
0.4 0.4 0.0667 -0.0667 0.4533 0.3467 0.2 1.2 2 1.71 0.0108543 0.169976 432.232 
0.4 0.4 0.0667 -0.0667 0.4533 0.3267 0.2 1.2 2 0.912 0.0138664 0.173377 408.516 
0.4 0.4 0.0667 -0.0667 0.4533 0.3067 0.2 1.2 2 0.912 0 0.169968 406.214 
0.4 0.4 0.0667 -0.0667 0.4533 0.2867 0.2 1.2 2 2.818 0 0.172815 426.206 
0.4 0.4 0.0667 -0.0667 0.4533 0.2667 0.2 1.2 2 3.428 0.0762776 0.162483 444.771 
0.4 0.4 0.0667 -0.0667 0.4533 0.2467 0.2 1.2 2 4.222 0 0.173269 422.292 
0.4 0.4 0.0667 -0.0667 0.4533 0.2267 0.2 1.2 2 3.58 0.313419 0.173447 447.888 
0.4 0.4 0.0667 -0.0667 0.4533 0.2067 0.2 1.2 2 4.992 0 0.171344 453.476 
0.4 0.4 0.0667 -0.0667 0.4533 0.1867 0.2 1.2 2 3.916 0.257187 0.168508 464.455 
0.4 0.4 0.0667 -0.0667 0.4533 0.1667 0.2 1.2 2 4.406 0.339296 0.169352 458.024 
0.4 0.4 0.0667 -0.0667 0.4333 0.5467 0.2 1.2 2 1.916 0.0762399 0.163489 461.402 
0.4 0.4 0.0667 -0.0667 0.4333 0.5267 0.2 1.2 2 2.21 0.199147 0.172128 442.485 
0.4 0.4 0.0667 -0.0667 0.4333 0.5067 0.2 1.2 2 5.628 0 0.169218 454.558 
0.4 0.4 0.0667 -0.0667 0.4333 0.4867 0.2 1.2 2 2.32 0.335251 0.171179 436.938 
0.4 0.4 0.0667 -0.0667 0.4333 0.4667 0.2 1.2 2 9.162 0.162392 0.171784 463.281 
0.4 0.4 0.0667 -0.0667 0.4333 0.4467 0.2 1.2 2 2.13 0.222128 0.171368 447.393 
0.4 0.4 0.0667 -0.0667 0.4333 0.4267 0.2 1.2 2 3.338 0.436285 0.171829 447.196 
0.4 0.4 0.0667 -0.0667 0.4333 0.4067 0.2 1.2 2 9.18 0.283465 0.167413 465.122 
0.4 0.4 0.0667 -0.0667 0.4333 0.3867 0.2 1.2 2 7.702 0.260186 0.167041 466.4 
0.4 0.4 0.0667 -0.0667 0.4333 0.3667 0.2 1.2 2 1.74 0.00091178 0.168118 440.815 
0.4 0.4 0.0667 -0.0667 0.4333 0.3467 0.2 1.2 2 5.564 0 0.164358 454.082 
0.4 0.4 0.0667 -0.0667 0.4333 0.3267 0.2 1.2 2 7.624 0.656866 0.169538 461.86 
0.4 0.4 0.0667 -0.0667 0.4333 0.3067 0.2 1.2 2 15 0.609964 0.547651 464.048 
0.4 0.4 0.0667 -0.0667 0.4333 0.2867 0.2 1.2 2 1.826 0.0365743 0.173029 421.282 
0.4 0.4 0.0667 -0.0667 0.4333 0.2667 0.2 1.2 2 3.23 0.0658282 0.168763 451.434 
0.4 0.4 0.0667 -0.0667 0.4333 0.2467 0.2 1.2 2 1.45 0.137923 0.171043 396.8 
0.4 0.4 0.0667 -0.0667 0.4333 0.2267 0.2 1.2 2 5.252 0.214027 0.173094 443.291 
0.4 0.4 0.0667 -0.0667 0.4333 0.2067 0.2 1.2 2 3.688 0.188441 0.170144 470.091 
0.4 0.4 0.0667 -0.0667 0.4333 0.1867 0.2 1.2 2 3.204 0.460788 0.169487 439.803 
0.4 0.4 0.0667 -0.0667 0.4333 0.1667 0.2 1.2 2 3.856 0 0.1712 451.9 
