d_amplitudeForeHip d_amplitudeHindHip d_offsetForeHip d_offsetHindHip d_amplitudeForeKnee d_amplitudeHindKnee d_offsetKnee d_kneePhaseLag d_frequency d_duration distance angle stability
0.4 0.4 0.0667 -0.0667 0.8133 0.5467 0.2 0.9 2 15 0 0.782769 484.834 
0.4 0.4 0.0667 -0.0667 0.8133 0.5267 0.2 0.9 2 15 0.337141 0.411145 484.345 
0.4 0.4 0.0667 -0.0667 0.8133 0.5067 0.2 0.9 2 15 0 0.666016 479.99 
0.4 0.4 0.0667 -0.0667 0.8133 0.4867 0.2 0.9 2 12.922 0.616184 0.16683 486.126 
0.4 0.4 0.0667 -0.0667 0.8133 0.4667 0.2 0.9 2 14.532 0.228687 0.171492 468.719 
0.4 0.4 0.0667 -0.0667 0.8133 0.4467 0.2 0.9 2 10.978 0.625349 0.1731 476.116 
0.4 0.4 0.0667 -0.0667 0.8133 0.4267 0.2 0.9 2 12.776 0.325993 0.161699 476.262 
0.4 0.4 0.0667 -0.0667 0.8133 0.4067 0.2 0.9 2 15 0.535362 0.842298 488.275 
0.4 0.4 0.0667 -0.0667 0.8133 0.3867 0.2 0.9 2 7.366 0.359433 0.171397 472.894 
0.4 0.4 0.0667 -0.0667 0.8133 0.3667 0.2 0.9 2 5.224 0.0960819 0.171319 460.619 
0.4 0.4 0.0667 -0.0667 0.8133 0.3467 0.2 0.9 2 9.4 0.468673 0.160306 480.739 
0.4 0.4 0.0667 -0.0667 0.8133 0.3267 0.2 0.9 2 15 0.79892 0.830758 485.286 
0.4 0.4 0.0667 -0.0667 0.8133 0.3067 0.2 0.9 2 15 0.00322557 0.25218 276.704 
0.4 0.4 0.0667 -0.0667 0.8133 0.2867 0.2 0.9 2 5.188 0.112465 0.171326 461.524 
0.4 0.4 0.0667 -0.0667 0.8133 0.2667 0.2 0.9 2 2.934 0.270738 0.172669 447.014 
0.4 0.4 0.0667 -0.0667 0.8133 0.2467 0.2 0.9 2 2.482 0.14448 0.172516 458.491 
0.4 0.4 0.0667 -0.0667 0.8133 0.2267 0.2 0.9 2 13.186 0.144462 0.173191 480.801 
0.4 0.4 0.0667 -0.0667 0.8133 0.2067 0.2 0.9 2 6.01 0.356439 0.169162 473.922 
0.4 0.4 0.0667 -0.0667 0.8133 0.1867 0.2 0.9 2 10.228 0.0454928 0.171422 478.876 
0.4 0.4 0.0667 -0.0667 0.8133 0.1667 0.2 0.9 2 7.154 0 0.173419 477.177 
0.4 0.4 0.0667 -0.0667 0.7933 0.5467 0.2 0.9 2 15 1.03791 0.753616 484.961 
0.4 0.4 0.0667 -0.0667 0.7933 0.5267 0.2 0.9 2 15 1.17948 0.844073 492.429 
0.4 0.4 0.0667 -0.0667 0.7933 0.5067 0.2 0.9 2 15 0.659291 0.714248 482.862 
0.4 0.4 0.0667 -0.0667 0.7933 0.4867 0.2 0.9 2 15 0.0706823 0.768742 486.7 
0.4 0.4 0.0667 -0.0667 0.7933 0.4667 0.2 0.9 2 4.916 0.128389 0.17299 462.412 
0.4 0.4 0.0667 -0.0667 0.7933 0.4467 0.2 0.9 2 15 1.22181 0.83667 491.257 
0.4 0.4 0.0667 -0.0667 0.7933 0.4267 0.2 0.9 2 11.032 0 0.170695 480.385 
0.4 0.4 0.0667 -0.0667 0.7933 0.4067 0.2 0.9 2 7.308 0.267294 0.170411 465.712 
0.4 0.4 0.0667 -0.0667 0.7933 0.3867 0.2 0.9 2 8.878 0.219824 0.169435 473.166 
0.4 0.4 0.0667 -0.0667 0.7933 0.3667 0.2 0.9 2 6.388 0.130709 0.171347 465.363 
0.4 0.4 0.0667 -0.0667 0.7933 0.3467 0.2 0.9 2 15 0 0.678724 488.875 
0.4 0.4 0.0667 -0.0667 0.7933 0.3267 0.2 0.9 2 12.466 0.781064 0.167263 484.68 
0.4 0.4 0.0667 -0.0667 0.7933 0.3067 0.2 0.9 2 7.492 0.603804 0.168914 478.687 
0.4 0.4 0.0667 -0.0667 0.7933 0.2867 0.2 0.9 2 15 0.937321 0.825576 489.94 
0.4 0.4 0.0667 -0.0667 0.7933 0.2667 0.2 0.9 2 5.56 0.381297 0.172701 473.318 
0.4 0.4 0.0667 -0.0667 0.7933 0.2467 0.2 0.9 2 15 1.05203 0.827731 488.879 
0.4 0.4 0.0667 -0.0667 0.7933 0.2267 0.2 0.9 2 10.696 0.273057 0.172911 481.434 
0.4 0.4 0.0667 -0.0667 0.7933 0.2067 0.2 0.9 2 9.272 0.741941 0.171333 473.624 
0.4 0.4 0.0667 -0.0667 0.7933 0.1867 0.2 0.9 2 11.522 0.0111229 0.171788 484.233 
0.4 0.4 0.0667 -0.0667 0.7933 0.1667 0.2 0.9 2 15 2.0343 0.932408 497.096 
0.4 0.4 0.0667 -0.0667 0.7733 0.5467 0.2 0.9 2 7.018 0.336693 0.171138 477.597 
0.4 0.4 0.0667 -0.0667 0.7733 0.5267 0.2 0.9 2 12.774 0 0.173355 479.112 
0.4 0.4 0.0667 -0.0667 0.7733 0.5067 0.2 0.9 2 15 1.47341 0.858519 494.552 
0.4 0.4 0.0667 -0.0667 0.7733 0.4867 0.2 0.9 2 10.482 0 0.172159 473.081 
0.4 0.4 0.0667 -0.0667 0.7733 0.4667 0.2 0.9 2 15 1.03901 0.827754 490.052 
0.4 0.4 0.0667 -0.0667 0.7733 0.4467 0.2 0.9 2 15 1.11901 0.723619 488.006 
0.4 0.4 0.0667 -0.0667 0.7733 0.4267 0.2 0.9 2 15 1.04793 0.815588 489.427 
0.4 0.4 0.0667 -0.0667 0.7733 0.4067 0.2 0.9 2 15 0.742812 0.178649 340.035 
0.4 0.4 0.0667 -0.0667 0.7733 0.3867 0.2 0.9 2 5.572 0 0.169872 461.319 
0.4 0.4 0.0667 -0.0667 0.7733 0.3667 0.2 0.9 2 15 1.02319 0.818253 490.439 
0.4 0.4 0.0667 -0.0667 0.7733 0.3467 0.2 0.9 2 10.296 0.430984 0.172542 476.398 
0.4 0.4 0.0667 -0.0667 0.7733 0.3267 0.2 0.9 2 15 1.37151 0.799365 489.98 
0.4 0.4 0.0667 -0.0667 0.7733 0.3067 0.2 0.9 2 15 0.412729 0.744297 486.511 
0.4 0.4 0.0667 -0.0667 0.7733 0.2867 0.2 0.9 2 8.42 0.436394 0.170314 472.768 
0.4 0.4 0.0667 -0.0667 0.7733 0.2667 0.2 0.9 2 14.884 1.36627 0.168347 488.85 
0.4 0.4 0.0667 -0.0667 0.7733 0.2467 0.2 0.9 2 3.244 0.366273 0.17284 459.23 
0.4 0.4 0.0667 -0.0667 0.7733 0.2267 0.2 0.9 2 15 1.3296 0.70983 487.311 
0.4 0.4 0.0667 -0.0667 0.7733 0.2067 0.2 0.9 2 15 0 0.238891 286.464 
0.4 0.4 0.0667 -0.0667 0.7733 0.1867 0.2 0.9 2 15 2.26948 0.937894 497.486 
0.4 0.4 0.0667 -0.0667 0.7733 0.1667 0.2 0.9 2 15 2.11588 0.92776 497.097 
0.4 0.4 0.0667 -0.0667 0.7533 0.5467 0.2 0.9 2 15 0.222002 0.586202 482.578 
0.4 0.4 0.0667 -0.0667 0.7533 0.5267 0.2 0.9 2 15 1.24439 0.846441 493.811 
0.4 0.4 0.0667 -0.0667 0.7533 0.5067 0.2 0.9 2 15 1.49269 0.85226 493.901 
0.4 0.4 0.0667 -0.0667 0.7533 0.4867 0.2 0.9 2 15 1.07638 0.848793 490.577 
0.4 0.4 0.0667 -0.0667 0.7533 0.4667 0.2 0.9 2 15 0 0.228114 433.727 
0.4 0.4 0.0667 -0.0667 0.7533 0.4467 0.2 0.9 2 6.512 0.438661 0.168327 473.427 
0.4 0.4 0.0667 -0.0667 0.7533 0.4267 0.2 0.9 2 15 0.753763 0.867215 490.887 
0.4 0.4 0.0667 -0.0667 0.7533 0.4067 0.2 0.9 2 15 1.53979 0.530861 490.273 
0.4 0.4 0.0667 -0.0667 0.7533 0.3867 0.2 0.9 2 9.294 0.388261 0.171448 478.806 
0.4 0.4 0.0667 -0.0667 0.7533 0.3667 0.2 0.9 2 2.468 0.135891 0.169334 432.088 
0.4 0.4 0.0667 -0.0667 0.7533 0.3467 0.2 0.9 2 15 1.04009 0.856171 492.21 
0.4 0.4 0.0667 -0.0667 0.7533 0.3267 0.2 0.9 2 7.686 0.0534009 0.169722 470.284 
0.4 0.4 0.0667 -0.0667 0.7533 0.3067 0.2 0.9 2 2.334 0.131652 0.172794 442.875 
0.4 0.4 0.0667 -0.0667 0.7533 0.2867 0.2 0.9 2 15 0.70977 0.847271 491.228 
0.4 0.4 0.0667 -0.0667 0.7533 0.2667 0.2 0.9 2 7.264 0.0293919 0.172772 470.534 
0.4 0.4 0.0667 -0.0667 0.7533 0.2467 0.2 0.9 2 15 1.34306 0.845229 494.524 
0.4 0.4 0.0667 -0.0667 0.7533 0.2267 0.2 0.9 2 2.268 0.215678 0.173248 445.493 
0.4 0.4 0.0667 -0.0667 0.7533 0.2067 0.2 0.9 2 15 1.4024 0.732262 490.763 
0.4 0.4 0.0667 -0.0667 0.7533 0.1867 0.2 0.9 2 6.72 0.787721 0.171935 487.005 
0.4 0.4 0.0667 -0.0667 0.7533 0.1667 0.2 0.9 2 2.098 0.195621 0.172676 446.101 
0.4 0.4 0.0667 -0.0667 0.7333 0.5467 0.2 0.9 2 15 0.993387 0.791418 489.371 
0.4 0.4 0.0667 -0.0667 0.7333 0.5267 0.2 0.9 2 7.514 0.224216 0.173647 479.822 
0.4 0.4 0.0667 -0.0667 0.7333 0.5067 0.2 0.9 2 15 0.658533 0.830296 491.311 
0.4 0.4 0.0667 -0.0667 0.7333 0.4867 0.2 0.9 2 15 0 0.755934 489.573 
0.4 0.4 0.0667 -0.0667 0.7333 0.4667 0.2 0.9 2 15 1.26312 0.757317 492.269 
0.4 0.4 0.0667 -0.0667 0.7333 0.4467 0.2 0.9 2 10.276 0.102734 0.169748 485.01 
0.4 0.4 0.0667 -0.0667 0.7333 0.4267 0.2 0.9 2 15 0.673688 0.576464 481.663 
0.4 0.4 0.0667 -0.0667 0.7333 0.4067 0.2 0.9 2 11.65 0.121661 0.171669 482.326 
0.4 0.4 0.0667 -0.0667 0.7333 0.3867 0.2 0.9 2 9.328 0 0.1726 468.571 
0.4 0.4 0.0667 -0.0667 0.7333 0.3667 0.2 0.9 2 3.078 0.3251 0.17366 457.595 
0.4 0.4 0.0667 -0.0667 0.7333 0.3467 0.2 0.9 2 15 1.47836 0.787997 493.166 
0.4 0.4 0.0667 -0.0667 0.7333 0.3267 0.2 0.9 2 15 1.40072 0.836037 491.165 
0.4 0.4 0.0667 -0.0667 0.7333 0.3067 0.2 0.9 2 15 1.73406 0.861313 493.714 
0.4 0.4 0.0667 -0.0667 0.7333 0.2867 0.2 0.9 2 15 2.12069 0.892203 495.441 
0.4 0.4 0.0667 -0.0667 0.7333 0.2667 0.2 0.9 2 12.232 0.682206 0.171701 469.54 
0.4 0.4 0.0667 -0.0667 0.7333 0.2467 0.2 0.9 2 3.112 0 0.172323 456.735 
0.4 0.4 0.0667 -0.0667 0.7333 0.2267 0.2 0.9 2 10.49 0 0.173066 469.07 
0.4 0.4 0.0667 -0.0667 0.7333 0.2067 0.2 0.9 2 15 2.13338 0.893946 497.462 
0.4 0.4 0.0667 -0.0667 0.7333 0.1867 0.2 0.9 2 2.23 0.136357 0.171989 442.21 
0.4 0.4 0.0667 -0.0667 0.7333 0.1667 0.2 0.9 2 15 1.62601 0.791433 494.951 
0.4 0.4 0.0667 -0.0667 0.7133 0.5467 0.2 0.9 2 15 1.65446 0.853821 495.206 
0.4 0.4 0.0667 -0.0667 0.7133 0.5267 0.2 0.9 2 15 0.627893 0.825671 492.016 
0.4 0.4 0.0667 -0.0667 0.7133 0.5067 0.2 0.9 2 15 0.613434 0.77711 489.507 
0.4 0.4 0.0667 -0.0667 0.7133 0.4867 0.2 0.9 2 15 1.56321 0.848366 494.187 
0.4 0.4 0.0667 -0.0667 0.7133 0.4667 0.2 0.9 2 15 1.35825 0.226934 468.008 
0.4 0.4 0.0667 -0.0667 0.7133 0.4467 0.2 0.9 2 15 1.47894 0.827429 491.904 
0.4 0.4 0.0667 -0.0667 0.7133 0.4267 0.2 0.9 2 10.478 0.56164 0.172191 478.845 
0.4 0.4 0.0667 -0.0667 0.7133 0.4067 0.2 0.9 2 15 0.437291 0.540891 486.987 
0.4 0.4 0.0667 -0.0667 0.7133 0.3867 0.2 0.9 2 15 1.55498 0.871172 495.107 
0.4 0.4 0.0667 -0.0667 0.7133 0.3667 0.2 0.9 2 4.026 0.287406 0.172237 450.228 
0.4 0.4 0.0667 -0.0667 0.7133 0.3467 0.2 0.9 2 5.804 0.276016 0.167679 475.691 
0.4 0.4 0.0667 -0.0667 0.7133 0.3267 0.2 0.9 2 15 1.59268 0.698381 490.851 
0.4 0.4 0.0667 -0.0667 0.7133 0.3067 0.2 0.9 2 15 1.83368 0.888587 495.905 
0.4 0.4 0.0667 -0.0667 0.7133 0.2867 0.2 0.9 2 15 1.27747 0.659594 486.931 
0.4 0.4 0.0667 -0.0667 0.7133 0.2667 0.2 0.9 2 9.004 0.751332 0.165647 485.425 
0.4 0.4 0.0667 -0.0667 0.7133 0.2467 0.2 0.9 2 2.924 0 0.171582 440.499 
0.4 0.4 0.0667 -0.0667 0.7133 0.2267 0.2 0.9 2 15 1.91359 0.788535 493.444 
0.4 0.4 0.0667 -0.0667 0.7133 0.2067 0.2 0.9 2 15 2.08556 0.901261 497.413 
0.4 0.4 0.0667 -0.0667 0.7133 0.1867 0.2 0.9 2 15 1.70262 0.901414 497.152 
0.4 0.4 0.0667 -0.0667 0.7133 0.1667 0.2 0.9 2 15 1.55133 0.896379 495.242 
0.4 0.4 0.0667 -0.0667 0.6933 0.5467 0.2 0.9 2 15 1.55149 0.852355 494.437 
0.4 0.4 0.0667 -0.0667 0.6933 0.5267 0.2 0.9 2 15 1.44595 0.771255 489.376 
0.4 0.4 0.0667 -0.0667 0.6933 0.5067 0.2 0.9 2 15 1.34303 0.849722 494.096 
0.4 0.4 0.0667 -0.0667 0.6933 0.4867 0.2 0.9 2 9.172 0.42808 0.172707 476.476 
0.4 0.4 0.0667 -0.0667 0.6933 0.4667 0.2 0.9 2 6.678 0 0.171222 485.552 
0.4 0.4 0.0667 -0.0667 0.6933 0.4467 0.2 0.9 2 7.874 0.648873 0.172054 463.959 
0.4 0.4 0.0667 -0.0667 0.6933 0.4267 0.2 0.9 2 15 2.15896 0.857849 495.915 
0.4 0.4 0.0667 -0.0667 0.6933 0.4067 0.2 0.9 2 15 1.8532 0.865962 495.459 
0.4 0.4 0.0667 -0.0667 0.6933 0.3867 0.2 0.9 2 15 2.272 0.868301 496.169 
0.4 0.4 0.0667 -0.0667 0.6933 0.3667 0.2 0.9 2 15 2.61058 0.872499 497.216 
0.4 0.4 0.0667 -0.0667 0.6933 0.3467 0.2 0.9 2 15 2.5132 0.877549 497.378 
0.4 0.4 0.0667 -0.0667 0.6933 0.3267 0.2 0.9 2 15 2.42365 0.637733 495.174 
0.4 0.4 0.0667 -0.0667 0.6933 0.3067 0.2 0.9 2 15 2.33842 0.886596 497.702 
0.4 0.4 0.0667 -0.0667 0.6933 0.2867 0.2 0.9 2 15 2.1056 0.888451 497.043 
0.4 0.4 0.0667 -0.0667 0.6933 0.2667 0.2 0.9 2 15 2.17975 0.890718 497.672 
0.4 0.4 0.0667 -0.0667 0.6933 0.2467 0.2 0.9 2 15 2.05566 0.901057 497.505 
0.4 0.4 0.0667 -0.0667 0.6933 0.2267 0.2 0.9 2 15 1.88122 0.891589 497.199 
0.4 0.4 0.0667 -0.0667 0.6933 0.2067 0.2 0.9 2 15 1.67234 0.901914 497.229 
0.4 0.4 0.0667 -0.0667 0.6933 0.1867 0.2 0.9 2 15 1.5174 0.885571 496.754 
0.4 0.4 0.0667 -0.0667 0.6933 0.1667 0.2 0.9 2 15 1.33476 0.835422 495.201 
0.4 0.4 0.0667 -0.0667 0.6733 0.5467 0.2 0.9 2 15 1.25956 0.852551 493.152 
0.4 0.4 0.0667 -0.0667 0.6733 0.5267 0.2 0.9 2 15 1.6672 0.850139 495.048 
0.4 0.4 0.0667 -0.0667 0.6733 0.5067 0.2 0.9 2 13.778 1.72845 0.170963 484.522 
0.4 0.4 0.0667 -0.0667 0.6733 0.4867 0.2 0.9 2 15 3.05387 0.850396 498.377 
0.4 0.4 0.0667 -0.0667 0.6733 0.4667 0.2 0.9 2 15 3.00016 0.850178 498.243 
0.4 0.4 0.0667 -0.0667 0.6733 0.4467 0.2 0.9 2 15 2.84934 0.854368 497.952 
0.4 0.4 0.0667 -0.0667 0.6733 0.4267 0.2 0.9 2 15 1.92253 0.853644 495.163 
0.4 0.4 0.0667 -0.0667 0.6733 0.4067 0.2 0.9 2 15 2.87314 0.855866 497.873 
0.4 0.4 0.0667 -0.0667 0.6733 0.3867 0.2 0.9 2 15 2.90587 0.86174 497.902 
0.4 0.4 0.0667 -0.0667 0.6733 0.3667 0.2 0.9 2 9.572 0.820091 0.170701 484.225 
0.4 0.4 0.0667 -0.0667 0.6733 0.3467 0.2 0.9 2 15 2.51884 0.873543 497.775 
0.4 0.4 0.0667 -0.0667 0.6733 0.3267 0.2 0.9 2 15 2.29842 0.878554 497.557 
0.4 0.4 0.0667 -0.0667 0.6733 0.3067 0.2 0.9 2 15 2.17803 0.881877 497.464 
0.4 0.4 0.0667 -0.0667 0.6733 0.2867 0.2 0.9 2 15 2.25851 0.885161 497.726 
0.4 0.4 0.0667 -0.0667 0.6733 0.2667 0.2 0.9 2 15 1.92189 0.888039 497.001 
0.4 0.4 0.0667 -0.0667 0.6733 0.2467 0.2 0.9 2 15 1.94389 0.898882 497.521 
0.4 0.4 0.0667 -0.0667 0.6733 0.2267 0.2 0.9 2 15 1.77706 0.922989 497.307 
0.4 0.4 0.0667 -0.0667 0.6733 0.2067 0.2 0.9 2 15 1.19447 0.88692 495.883 
0.4 0.4 0.0667 -0.0667 0.6733 0.1867 0.2 0.9 2 3.81 0.0729648 0.171025 447.493 
0.4 0.4 0.0667 -0.0667 0.6733 0.1667 0.2 0.9 2 15 1.29064 0.891689 496.737 
0.4 0.4 0.0667 -0.0667 0.6533 0.5467 0.2 0.9 2 15 2.37325 0.756997 492.953 
0.4 0.4 0.0667 -0.0667 0.6533 0.5267 0.2 0.9 2 15 2.11702 0.85431 495.78 
0.4 0.4 0.0667 -0.0667 0.6533 0.5067 0.2 0.9 2 15 2.75843 0.854142 497.795 
0.4 0.4 0.0667 -0.0667 0.6533 0.4867 0.2 0.9 2 15 2.86025 0.852899 497.832 
0.4 0.4 0.0667 -0.0667 0.6533 0.4667 0.2 0.9 2 15 3.04158 0.855311 498.115 
0.4 0.4 0.0667 -0.0667 0.6533 0.4467 0.2 0.9 2 15 2.89842 0.85903 497.705 
0.4 0.4 0.0667 -0.0667 0.6533 0.4267 0.2 0.9 2 15 3.26379 0.859751 498.393 
0.4 0.4 0.0667 -0.0667 0.6533 0.4067 0.2 0.9 2 15 3.01538 0.862441 498.054 
0.4 0.4 0.0667 -0.0667 0.6533 0.3867 0.2 0.9 2 15 2.93917 0.860996 497.996 
0.4 0.4 0.0667 -0.0667 0.6533 0.3667 0.2 0.9 2 15 2.77589 0.8639 498.171 
0.4 0.4 0.0667 -0.0667 0.6533 0.3467 0.2 0.9 2 15 2.36331 0.865294 497.815 
0.4 0.4 0.0667 -0.0667 0.6533 0.3267 0.2 0.9 2 15 2.25643 0.87281 497.713 
0.4 0.4 0.0667 -0.0667 0.6533 0.3067 0.2 0.9 2 15 2.1018 0.877252 497.527 
0.4 0.4 0.0667 -0.0667 0.6533 0.2867 0.2 0.9 2 15 1.93834 0.881873 497.37 
0.4 0.4 0.0667 -0.0667 0.6533 0.2667 0.2 0.9 2 15 1.6564 0.892927 497.202 
0.4 0.4 0.0667 -0.0667 0.6533 0.2467 0.2 0.9 2 15 1.56383 0.91074 497.107 
0.4 0.4 0.0667 -0.0667 0.6533 0.2267 0.2 0.9 2 15 1.47271 0.917546 496.981 
0.4 0.4 0.0667 -0.0667 0.6533 0.2067 0.2 0.9 2 15 1.44781 0.914635 496.893 
0.4 0.4 0.0667 -0.0667 0.6533 0.1867 0.2 0.9 2 15 0.878982 0.82656 494.482 
0.4 0.4 0.0667 -0.0667 0.6533 0.1667 0.2 0.9 2 15 1.15342 0.886224 496.581 
0.4 0.4 0.0667 -0.0667 0.6333 0.5467 0.2 0.9 2 2.232 0.0807466 0.170283 401.326 
0.4 0.4 0.0667 -0.0667 0.6333 0.5267 0.2 0.9 2 15 2.61216 0.85312 496.182 
0.4 0.4 0.0667 -0.0667 0.6333 0.5067 0.2 0.9 2 15 2.85837 0.85519 497.737 
0.4 0.4 0.0667 -0.0667 0.6333 0.4867 0.2 0.9 2 15 2.60967 0.854146 497.16 
0.4 0.4 0.0667 -0.0667 0.6333 0.4667 0.2 0.9 2 15 1.90624 0.73649 490.077 
0.4 0.4 0.0667 -0.0667 0.6333 0.4467 0.2 0.9 2 15 2.7102 0.856146 497.762 
0.4 0.4 0.0667 -0.0667 0.6333 0.4267 0.2 0.9 2 15 2.9117 0.856597 498.091 
0.4 0.4 0.0667 -0.0667 0.6333 0.4067 0.2 0.9 2 15 3.22845 0.861297 498.426 
0.4 0.4 0.0667 -0.0667 0.6333 0.3867 0.2 0.9 2 15 2.56453 0.860489 497.704 
0.4 0.4 0.0667 -0.0667 0.6333 0.3667 0.2 0.9 2 15 2.14366 0.864638 497.407 
0.4 0.4 0.0667 -0.0667 0.6333 0.3467 0.2 0.9 2 15 2.1692 0.868324 497.505 
0.4 0.4 0.0667 -0.0667 0.6333 0.3267 0.2 0.9 2 15 2.05755 0.873993 497.445 
0.4 0.4 0.0667 -0.0667 0.6333 0.3067 0.2 0.9 2 15 1.85765 0.87203 497.24 
0.4 0.4 0.0667 -0.0667 0.6333 0.2867 0.2 0.9 2 15 1.71436 0.878541 496.817 
0.4 0.4 0.0667 -0.0667 0.6333 0.2667 0.2 0.9 2 15 1.42656 0.910212 496.951 
0.4 0.4 0.0667 -0.0667 0.6333 0.2467 0.2 0.9 2 15 1.49905 0.920599 497.055 
0.4 0.4 0.0667 -0.0667 0.6333 0.2267 0.2 0.9 2 15 1.38337 0.923957 496.908 
0.4 0.4 0.0667 -0.0667 0.6333 0.2067 0.2 0.9 2 2.466 0.346273 0.169363 444.659 
0.4 0.4 0.0667 -0.0667 0.6333 0.1867 0.2 0.9 2 15 1.12083 0.859789 496.513 
0.4 0.4 0.0667 -0.0667 0.6333 0.1667 0.2 0.9 2 15 1.02422 0.872266 496.526 
0.4 0.4 0.0667 -0.0667 0.6133 0.5467 0.2 0.9 2 1.504 0.167214 0.171802 444.096 
0.4 0.4 0.0667 -0.0667 0.6133 0.5267 0.2 0.9 2 2.23 0.0560878 0.172036 404.661 
0.4 0.4 0.0667 -0.0667 0.6133 0.5067 0.2 0.9 2 1.758 0.16646 0.163519 428.799 
0.4 0.4 0.0667 -0.0667 0.6133 0.4867 0.2 0.9 2 15 2.7516 0.855707 496.746 
0.4 0.4 0.0667 -0.0667 0.6133 0.4667 0.2 0.9 2 15 2.54293 0.861261 497.562 
0.4 0.4 0.0667 -0.0667 0.6133 0.4467 0.2 0.9 2 15 2.51582 0.86027 497.638 
0.4 0.4 0.0667 -0.0667 0.6133 0.4267 0.2 0.9 2 15 2.55342 0.861108 497.774 
0.4 0.4 0.0667 -0.0667 0.6133 0.4067 0.2 0.9 2 15 2.24455 0.862669 497.524 
0.4 0.4 0.0667 -0.0667 0.6133 0.3867 0.2 0.9 2 15 1.9908 0.861718 497.153 
0.4 0.4 0.0667 -0.0667 0.6133 0.3667 0.2 0.9 2 15 2.00195 0.86443 497.23 
0.4 0.4 0.0667 -0.0667 0.6133 0.3467 0.2 0.9 2 15 1.86404 0.868258 497.058 
0.4 0.4 0.0667 -0.0667 0.6133 0.3267 0.2 0.9 2 15 1.6807 0.872719 496.981 
0.4 0.4 0.0667 -0.0667 0.6133 0.3067 0.2 0.9 2 15 1.583 0.878697 497.006 
0.4 0.4 0.0667 -0.0667 0.6133 0.2867 0.2 0.9 2 15 1.55388 0.882757 496.941 
0.4 0.4 0.0667 -0.0667 0.6133 0.2667 0.2 0.9 2 6.47 0 0.167938 448.744 
0.4 0.4 0.0667 -0.0667 0.6133 0.2467 0.2 0.9 2 15 1.31787 0.826075 491.945 
0.4 0.4 0.0667 -0.0667 0.6133 0.2267 0.2 0.9 2 15 1.25358 0.904953 496.763 
0.4 0.4 0.0667 -0.0667 0.6133 0.2067 0.2 0.9 2 15 1.32124 0.861328 496.545 
0.4 0.4 0.0667 -0.0667 0.6133 0.1867 0.2 0.9 2 15 1.01904 0.855319 496.483 
0.4 0.4 0.0667 -0.0667 0.6133 0.1667 0.2 0.9 2 15 0.9767 0.867892 496.455 
0.4 0.4 0.0667 -0.0667 0.5933 0.5467 0.2 0.9 2 15 2.27408 0.695895 494.479 
0.4 0.4 0.0667 -0.0667 0.5933 0.5267 0.2 0.9 2 1.736 0.100365 0.172517 420.699 
0.4 0.4 0.0667 -0.0667 0.5933 0.5067 0.2 0.9 2 15 2.41962 0.657682 491.456 
0.4 0.4 0.0667 -0.0667 0.5933 0.4867 0.2 0.9 2 15 1.89128 0.827985 493.145 
0.4 0.4 0.0667 -0.0667 0.5933 0.4667 0.2 0.9 2 15 2.02077 0.864887 495.925 
0.4 0.4 0.0667 -0.0667 0.5933 0.4467 0.2 0.9 2 15 2.16696 0.864573 496.907 
0.4 0.4 0.0667 -0.0667 0.5933 0.4267 0.2 0.9 2 15 1.98866 0.863906 497.03 
0.4 0.4 0.0667 -0.0667 0.5933 0.4067 0.2 0.9 2 15 1.91076 0.867274 496.931 
0.4 0.4 0.0667 -0.0667 0.5933 0.3867 0.2 0.9 2 15 1.88895 0.864455 496.984 
0.4 0.4 0.0667 -0.0667 0.5933 0.3667 0.2 0.9 2 15 1.68373 0.864898 496.717 
0.4 0.4 0.0667 -0.0667 0.5933 0.3467 0.2 0.9 2 15 1.61471 0.86845 496.827 
0.4 0.4 0.0667 -0.0667 0.5933 0.3267 0.2 0.9 2 15 1.55964 0.872763 496.823 
0.4 0.4 0.0667 -0.0667 0.5933 0.3067 0.2 0.9 2 15 1.4764 0.876854 496.807 
0.4 0.4 0.0667 -0.0667 0.5933 0.2867 0.2 0.9 2 14.23 0.686692 0.170037 481.007 
0.4 0.4 0.0667 -0.0667 0.5933 0.2667 0.2 0.9 2 1.496 0 0.166074 403.428 
0.4 0.4 0.0667 -0.0667 0.5933 0.2467 0.2 0.9 2 15 1.18122 0.83094 494.511 
0.4 0.4 0.0667 -0.0667 0.5933 0.2267 0.2 0.9 2 15 1.19946 0.894634 496.533 
0.4 0.4 0.0667 -0.0667 0.5933 0.2067 0.2 0.9 2 15 1.10324 0.854148 496.373 
0.4 0.4 0.0667 -0.0667 0.5933 0.1867 0.2 0.9 2 15 0.91634 0.849985 496.116 
0.4 0.4 0.0667 -0.0667 0.5933 0.1667 0.2 0.9 2 15 0.906827 0.868638 496.295 
0.4 0.4 0.0667 -0.0667 0.5733 0.5467 0.2 0.9 2 15 2.32269 0.862509 496.629 
0.4 0.4 0.0667 -0.0667 0.5733 0.5267 0.2 0.9 2 15 2.08199 0.868614 495.639 
0.4 0.4 0.0667 -0.0667 0.5733 0.5067 0.2 0.9 2 2.076 0.0503851 0.173147 431.411 
0.4 0.4 0.0667 -0.0667 0.5733 0.4867 0.2 0.9 2 2.456 0.0953697 0.16829 444.393 
0.4 0.4 0.0667 -0.0667 0.5733 0.4667 0.2 0.9 2 15 1.71447 0.864699 494.429 
0.4 0.4 0.0667 -0.0667 0.5733 0.4467 0.2 0.9 2 15 1.90148 0.86665 496.333 
0.4 0.4 0.0667 -0.0667 0.5733 0.4267 0.2 0.9 2 15 1.68015 0.867018 496.485 
0.4 0.4 0.0667 -0.0667 0.5733 0.4067 0.2 0.9 2 15 1.65306 0.867914 496.52 
0.4 0.4 0.0667 -0.0667 0.5733 0.3867 0.2 0.9 2 15 1.42948 0.869924 496.251 
0.4 0.4 0.0667 -0.0667 0.5733 0.3667 0.2 0.9 2 15 1.534 0.869781 496.456 
0.4 0.4 0.0667 -0.0667 0.5733 0.3467 0.2 0.9 2 15 1.02857 0.731885 490.957 
0.4 0.4 0.0667 -0.0667 0.5733 0.3267 0.2 0.9 2 15 1.41758 0.872811 496.697 
0.4 0.4 0.0667 -0.0667 0.5733 0.3067 0.2 0.9 2 15 1.46173 0.887043 495.231 
0.4 0.4 0.0667 -0.0667 0.5733 0.2867 0.2 0.9 2 2.884 0.0669144 0.172375 437.414 
0.4 0.4 0.0667 -0.0667 0.5733 0.2667 0.2 0.9 2 1.972 0.178058 0.169386 418.078 
0.4 0.4 0.0667 -0.0667 0.5733 0.2467 0.2 0.9 2 15 0.91073 0.803891 491.819 
0.4 0.4 0.0667 -0.0667 0.5733 0.2267 0.2 0.9 2 15 0.923755 0.874659 495.297 
0.4 0.4 0.0667 -0.0667 0.5733 0.2067 0.2 0.9 2 15 0.927748 0.832625 495.952 
0.4 0.4 0.0667 -0.0667 0.5733 0.1867 0.2 0.9 2 15 0.993101 0.864647 496.267 
0.4 0.4 0.0667 -0.0667 0.5733 0.1667 0.2 0.9 2 15 0.912206 0.871064 496.318 
0.4 0.4 0.0667 -0.0667 0.5533 0.5467 0.2 0.9 2 15 2.36174 0.874534 496.961 
0.4 0.4 0.0667 -0.0667 0.5533 0.5267 0.2 0.9 2 15 2.37356 0.873102 496.953 
0.4 0.4 0.0667 -0.0667 0.5533 0.5067 0.2 0.9 2 3.582 0.415546 0.169954 426.284 
0.4 0.4 0.0667 -0.0667 0.5533 0.4867 0.2 0.9 2 15 2.03546 0.740229 492.624 
0.4 0.4 0.0667 -0.0667 0.5533 0.4667 0.2 0.9 2 3.05 0.00279596 0.166086 445.174 
0.4 0.4 0.0667 -0.0667 0.5533 0.4467 0.2 0.9 2 15 1.47582 0.80983 493.326 
0.4 0.4 0.0667 -0.0667 0.5533 0.4267 0.2 0.9 2 15 1.34041 0.869365 495.188 
0.4 0.4 0.0667 -0.0667 0.5533 0.4067 0.2 0.9 2 15 1.60265 0.87183 496.295 
0.4 0.4 0.0667 -0.0667 0.5533 0.3867 0.2 0.9 2 4.678 0.152329 0.172751 453.51 
0.4 0.4 0.0667 -0.0667 0.5533 0.3667 0.2 0.9 2 15 1.41442 0.871033 496.063 
0.4 0.4 0.0667 -0.0667 0.5533 0.3467 0.2 0.9 2 15 1.24109 0.872826 496.264 
0.4 0.4 0.0667 -0.0667 0.5533 0.3267 0.2 0.9 2 15 1.13103 0.684549 492.548 
0.4 0.4 0.0667 -0.0667 0.5533 0.3067 0.2 0.9 2 15 1.36968 0.641001 490.33 
0.4 0.4 0.0667 -0.0667 0.5533 0.2867 0.2 0.9 2 0.878 0 0.173194 409.201 
0.4 0.4 0.0667 -0.0667 0.5533 0.2667 0.2 0.9 2 1.416 0 0.170576 409.293 
0.4 0.4 0.0667 -0.0667 0.5533 0.2467 0.2 0.9 2 15 0.955938 0.804993 491.778 
0.4 0.4 0.0667 -0.0667 0.5533 0.2267 0.2 0.9 2 7.744 0.484466 0.171285 460.704 
0.4 0.4 0.0667 -0.0667 0.5533 0.2067 0.2 0.9 2 15 0.885456 0.82802 495.89 
0.4 0.4 0.0667 -0.0667 0.5533 0.1867 0.2 0.9 2 5.79 0.556582 0.170716 465.146 
0.4 0.4 0.0667 -0.0667 0.5533 0.1667 0.2 0.9 2 3.738 0 0.168588 467.711 
0.4 0.4 0.0667 -0.0667 0.5333 0.5467 0.2 0.9 2 15 2.14958 0.880556 496.282 
0.4 0.4 0.0667 -0.0667 0.5333 0.5267 0.2 0.9 2 15 2.10906 0.875103 495.931 
0.4 0.4 0.0667 -0.0667 0.5333 0.5067 0.2 0.9 2 15 1.78901 0.775929 491.384 
0.4 0.4 0.0667 -0.0667 0.5333 0.4867 0.2 0.9 2 2.768 0.373808 0.160619 435.834 
0.4 0.4 0.0667 -0.0667 0.5333 0.4667 0.2 0.9 2 15 1.81004 0.877764 495.83 
0.4 0.4 0.0667 -0.0667 0.5333 0.4467 0.2 0.9 2 2.576 0.170731 0.170735 450.504 
0.4 0.4 0.0667 -0.0667 0.5333 0.4267 0.2 0.9 2 3.824 0 0.169194 459.748 
0.4 0.4 0.0667 -0.0667 0.5333 0.4067 0.2 0.9 2 1.75 0.0347449 0.172447 433.363 
0.4 0.4 0.0667 -0.0667 0.5333 0.3867 0.2 0.9 2 1.732 0 0.166605 448.734 
0.4 0.4 0.0667 -0.0667 0.5333 0.3667 0.2 0.9 2 2.582 0 0.171902 424.971 
0.4 0.4 0.0667 -0.0667 0.5333 0.3467 0.2 0.9 2 15 0.884293 0.644343 491.157 
0.4 0.4 0.0667 -0.0667 0.5333 0.3267 0.2 0.9 2 1.908 0.0760061 0.166978 440.969 
0.4 0.4 0.0667 -0.0667 0.5333 0.3067 0.2 0.9 2 1.242 0.19613 0.171284 418.256 
0.4 0.4 0.0667 -0.0667 0.5333 0.2867 0.2 0.9 2 0.966 0.0530455 0.164979 404.405 
0.4 0.4 0.0667 -0.0667 0.5333 0.2667 0.2 0.9 2 2.224 0 0.170897 411.444 
0.4 0.4 0.0667 -0.0667 0.5333 0.2467 0.2 0.9 2 5.85 0.281137 0.171404 452.293 
0.4 0.4 0.0667 -0.0667 0.5333 0.2267 0.2 0.9 2 15 0.780345 0.838317 495.658 
0.4 0.4 0.0667 -0.0667 0.5333 0.2067 0.2 0.9 2 15 0.737357 0.816713 492.063 
0.4 0.4 0.0667 -0.0667 0.5333 0.1867 0.2 0.9 2 15 0.853969 0.824896 495.145 
0.4 0.4 0.0667 -0.0667 0.5333 0.1667 0.2 0.9 2 4.282 0.404317 0.169437 453.363 
0.4 0.4 0.0667 -0.0667 0.5133 0.5467 0.2 0.9 2 15 1.94236 0.890141 495.822 
0.4 0.4 0.0667 -0.0667 0.5133 0.5267 0.2 0.9 2 15 1.84875 0.885732 495.686 
0.4 0.4 0.0667 -0.0667 0.5133 0.5067 0.2 0.9 2 15 1.95749 0.88311 496.089 
0.4 0.4 0.0667 -0.0667 0.5133 0.4867 0.2 0.9 2 3.976 0.413333 0.172907 447.542 
0.4 0.4 0.0667 -0.0667 0.5133 0.4667 0.2 0.9 2 5.146 0.610588 0.170951 425.749 
0.4 0.4 0.0667 -0.0667 0.5133 0.4467 0.2 0.9 2 1.57 0.101154 0.168418 430.887 
0.4 0.4 0.0667 -0.0667 0.5133 0.4267 0.2 0.9 2 1.768 0.155451 0.16704 444.988 
0.4 0.4 0.0667 -0.0667 0.5133 0.4067 0.2 0.9 2 1.854 0.176232 0.166976 444.923 
0.4 0.4 0.0667 -0.0667 0.5133 0.3867 0.2 0.9 2 2.106 0.119588 0.171699 437.375 
0.4 0.4 0.0667 -0.0667 0.5133 0.3667 0.2 0.9 2 15 0.660235 0.817976 492.387 
0.4 0.4 0.0667 -0.0667 0.5133 0.3467 0.2 0.9 2 1.814 0.171054 0.167897 448.04 
0.4 0.4 0.0667 -0.0667 0.5133 0.3267 0.2 0.9 2 4.134 0.161352 0.168348 447.417 
0.4 0.4 0.0667 -0.0667 0.5133 0.3067 0.2 0.9 2 15 0.871533 0.752351 488.097 
0.4 0.4 0.0667 -0.0667 0.5133 0.2867 0.2 0.9 2 1 0.0799236 0.164111 402.242 
0.4 0.4 0.0667 -0.0667 0.5133 0.2667 0.2 0.9 2 15 0.809036 0.71959 491.939 
0.4 0.4 0.0667 -0.0667 0.5133 0.2467 0.2 0.9 2 5.836 0.248883 0.170571 446.2 
0.4 0.4 0.0667 -0.0667 0.5133 0.2267 0.2 0.9 2 15 0.908608 0.829638 494.846 
0.4 0.4 0.0667 -0.0667 0.5133 0.2067 0.2 0.9 2 15 0.814672 0.845191 495.852 
0.4 0.4 0.0667 -0.0667 0.5133 0.1867 0.2 0.9 2 15 0.424429 0.778829 493.131 
0.4 0.4 0.0667 -0.0667 0.5133 0.1667 0.2 0.9 2 4.012 0.197995 0.17182 459.843 
0.4 0.4 0.0667 -0.0667 0.4933 0.5467 0.2 0.9 2 15 2.26555 0.895141 496.375 
0.4 0.4 0.0667 -0.0667 0.4933 0.5267 0.2 0.9 2 15 1.83602 0.853165 494.513 
0.4 0.4 0.0667 -0.0667 0.4933 0.5067 0.2 0.9 2 15 1.92057 0.891162 495.895 
0.4 0.4 0.0667 -0.0667 0.4933 0.4867 0.2 0.9 2 15 1.91313 0.884941 496 
0.4 0.4 0.0667 -0.0667 0.4933 0.4667 0.2 0.9 2 15 1.60646 0.888305 495.491 
0.4 0.4 0.0667 -0.0667 0.4933 0.4467 0.2 0.9 2 2.974 0.133573 0.170128 455.453 
0.4 0.4 0.0667 -0.0667 0.4933 0.4267 0.2 0.9 2 4.358 0.184411 0.173094 439.071 
0.4 0.4 0.0667 -0.0667 0.4933 0.4067 0.2 0.9 2 1.988 0.274663 0.17113 440.405 
0.4 0.4 0.0667 -0.0667 0.4933 0.3867 0.2 0.9 2 1.816 0.0748592 0.169609 444.327 
0.4 0.4 0.0667 -0.0667 0.4933 0.3667 0.2 0.9 2 1.974 0.0514885 0.164902 439.965 
0.4 0.4 0.0667 -0.0667 0.4933 0.3467 0.2 0.9 2 1.926 0.130421 0.170884 442 
0.4 0.4 0.0667 -0.0667 0.4933 0.3267 0.2 0.9 2 15 1.0472 0.920844 495.386 
0.4 0.4 0.0667 -0.0667 0.4933 0.3067 0.2 0.9 2 6.598 0.417489 0.167236 452.567 
0.4 0.4 0.0667 -0.0667 0.4933 0.2867 0.2 0.9 2 1.2 0.126086 0.168559 409.144 
0.4 0.4 0.0667 -0.0667 0.4933 0.2667 0.2 0.9 2 1.788 0.0984039 0.169639 398.233 
0.4 0.4 0.0667 -0.0667 0.4933 0.2467 0.2 0.9 2 14.964 0.555664 0.169384 485.775 
0.4 0.4 0.0667 -0.0667 0.4933 0.2267 0.2 0.9 2 15 0.788795 0.848264 495.72 
0.4 0.4 0.0667 -0.0667 0.4933 0.2067 0.2 0.9 2 7.68 0.389599 0.166592 469.205 
0.4 0.4 0.0667 -0.0667 0.4933 0.1867 0.2 0.9 2 15 0.541583 0.814283 491.247 
0.4 0.4 0.0667 -0.0667 0.4933 0.1667 0.2 0.9 2 15 0.992053 0.978818 496.665 
0.4 0.4 0.0667 -0.0667 0.4733 0.5467 0.2 0.9 2 15 1.99624 0.872531 495.255 
0.4 0.4 0.0667 -0.0667 0.4733 0.5267 0.2 0.9 2 15 1.26541 0.828749 490.923 
0.4 0.4 0.0667 -0.0667 0.4733 0.5067 0.2 0.9 2 15 1.82302 0.900545 495.571 
0.4 0.4 0.0667 -0.0667 0.4733 0.4867 0.2 0.9 2 1.626 0.238084 0.172345 432.823 
0.4 0.4 0.0667 -0.0667 0.4733 0.4667 0.2 0.9 2 15 1.27862 0.669681 489.355 
0.4 0.4 0.0667 -0.0667 0.4733 0.4467 0.2 0.9 2 3.912 0 0.168667 450.26 
0.4 0.4 0.0667 -0.0667 0.4733 0.4267 0.2 0.9 2 15 0.989527 0.699552 491.644 
0.4 0.4 0.0667 -0.0667 0.4733 0.4067 0.2 0.9 2 2.006 0.182397 0.171933 439.629 
0.4 0.4 0.0667 -0.0667 0.4733 0.3867 0.2 0.9 2 1.724 0.280533 0.169773 427.055 
0.4 0.4 0.0667 -0.0667 0.4733 0.3667 0.2 0.9 2 12.228 0.541902 0.165139 472.869 
0.4 0.4 0.0667 -0.0667 0.4733 0.3467 0.2 0.9 2 1.884 0.109557 0.167119 443.943 
0.4 0.4 0.0667 -0.0667 0.4733 0.3267 0.2 0.9 2 1.828 0.164011 0.169985 434.519 
0.4 0.4 0.0667 -0.0667 0.4733 0.3067 0.2 0.9 2 3.24 0.0737157 0.163822 454.93 
0.4 0.4 0.0667 -0.0667 0.4733 0.2867 0.2 0.9 2 0.978 0.0613008 0.170012 404.621 
0.4 0.4 0.0667 -0.0667 0.4733 0.2667 0.2 0.9 2 15 0.965468 0.768398 492.593 
0.4 0.4 0.0667 -0.0667 0.4733 0.2467 0.2 0.9 2 9.768 0.490505 0.167309 470.79 
0.4 0.4 0.0667 -0.0667 0.4733 0.2267 0.2 0.9 2 15 0.696721 0.727146 493.164 
0.4 0.4 0.0667 -0.0667 0.4733 0.2067 0.2 0.9 2 10.74 0.541639 0.15864 470.707 
0.4 0.4 0.0667 -0.0667 0.4733 0.1867 0.2 0.9 2 3.796 0.302575 0.168429 471.209 
0.4 0.4 0.0667 -0.0667 0.4733 0.1667 0.2 0.9 2 15 0.749457 0.618447 488.858 
0.4 0.4 0.0667 -0.0667 0.4533 0.5467 0.2 0.9 2 15 1.62792 0.90399 494.641 
0.4 0.4 0.0667 -0.0667 0.4533 0.5267 0.2 0.9 2 15 1.60868 0.887614 494.386 
0.4 0.4 0.0667 -0.0667 0.4533 0.5067 0.2 0.9 2 15 1.58996 0.913229 495.166 
0.4 0.4 0.0667 -0.0667 0.4533 0.4867 0.2 0.9 2 15 1.35014 0.911755 494.873 
0.4 0.4 0.0667 -0.0667 0.4533 0.4667 0.2 0.9 2 15 1.18548 0.91818 494.666 
0.4 0.4 0.0667 -0.0667 0.4533 0.4467 0.2 0.9 2 3.32 0 0.17337 446.982 
0.4 0.4 0.0667 -0.0667 0.4533 0.4267 0.2 0.9 2 1.572 0.235988 0.172129 441.597 
0.4 0.4 0.0667 -0.0667 0.4533 0.4067 0.2 0.9 2 1.714 0.196008 0.169414 428.496 
0.4 0.4 0.0667 -0.0667 0.4533 0.3867 0.2 0.9 2 5.874 0.136684 0.172108 458.187 
0.4 0.4 0.0667 -0.0667 0.4533 0.3667 0.2 0.9 2 15 0.887299 0.843174 494.287 
0.4 0.4 0.0667 -0.0667 0.4533 0.3467 0.2 0.9 2 15 1.04379 0.923383 495.551 
0.4 0.4 0.0667 -0.0667 0.4533 0.3267 0.2 0.9 2 1.468 0.1815 0.164446 451.991 
0.4 0.4 0.0667 -0.0667 0.4533 0.3067 0.2 0.9 2 1.97 0.24879 0.162946 440.701 
0.4 0.4 0.0667 -0.0667 0.4533 0.2867 0.2 0.9 2 15 0.691303 0.740942 491.393 
0.4 0.4 0.0667 -0.0667 0.4533 0.2667 0.2 0.9 2 11.716 0.570915 0.165986 481.031 
0.4 0.4 0.0667 -0.0667 0.4533 0.2467 0.2 0.9 2 15 0.667602 0.883386 493.897 
0.4 0.4 0.0667 -0.0667 0.4533 0.2267 0.2 0.9 2 7.088 0.244247 0.168573 471.35 
0.4 0.4 0.0667 -0.0667 0.4533 0.2067 0.2 0.9 2 3.758 0.233459 0.163233 468.442 
0.4 0.4 0.0667 -0.0667 0.4533 0.1867 0.2 0.9 2 15 0.47934 0.759235 492.955 
0.4 0.4 0.0667 -0.0667 0.4533 0.1667 0.2 0.9 2 4.474 0.192643 0.166951 455.622 
0.4 0.4 0.0667 -0.0667 0.4333 0.5467 0.2 0.9 2 15 1.73677 0.914458 494.915 
0.4 0.4 0.0667 -0.0667 0.4333 0.5267 0.2 0.9 2 15 1.65976 0.917127 494.773 
0.4 0.4 0.0667 -0.0667 0.4333 0.5067 0.2 0.9 2 15 1.56101 0.925275 494.871 
0.4 0.4 0.0667 -0.0667 0.4333 0.4867 0.2 0.9 2 15 1.37712 0.912425 494.785 
0.4 0.4 0.0667 -0.0667 0.4333 0.4667 0.2 0.9 2 15 1.1581 0.910559 494.834 
0.4 0.4 0.0667 -0.0667 0.4333 0.4467 0.2 0.9 2 15 1.09012 0.71193 487.042 
0.4 0.4 0.0667 -0.0667 0.4333 0.4267 0.2 0.9 2 2.892 0.058863 0.167566 450.492 
0.4 0.4 0.0667 -0.0667 0.4333 0.4067 0.2 0.9 2 15 0.856271 0.769872 493.34 
0.4 0.4 0.0667 -0.0667 0.4333 0.3867 0.2 0.9 2 15 0.658112 0.789027 492.679 
0.4 0.4 0.0667 -0.0667 0.4333 0.3667 0.2 0.9 2 3.954 0.0577939 0.170226 448.539 
0.4 0.4 0.0667 -0.0667 0.4333 0.3467 0.2 0.9 2 15 0.94517 0.931393 495.28 
0.4 0.4 0.0667 -0.0667 0.4333 0.3267 0.2 0.9 2 15 1.07154 0.626437 488.333 
0.4 0.4 0.0667 -0.0667 0.4333 0.3067 0.2 0.9 2 15 1.09078 0.791586 491.951 
0.4 0.4 0.0667 -0.0667 0.4333 0.2867 0.2 0.9 2 15 0.984837 0.706633 482.655 
0.4 0.4 0.0667 -0.0667 0.4333 0.2667 0.2 0.9 2 15 0.481807 0.880344 494.255 
0.4 0.4 0.0667 -0.0667 0.4333 0.2467 0.2 0.9 2 15 0.713465 0.670376 490.639 
0.4 0.4 0.0667 -0.0667 0.4333 0.2267 0.2 0.9 2 10.872 0.381536 0.166593 478.978 
0.4 0.4 0.0667 -0.0667 0.4333 0.2067 0.2 0.9 2 5.004 0 0.165417 449.765 
0.4 0.4 0.0667 -0.0667 0.4333 0.1867 0.2 0.9 2 2.934 0.107213 0.17216 457.774 
0.4 0.4 0.0667 -0.0667 0.4333 0.1667 0.2 0.9 2 1.712 0.0296252 0.16665 461.648 
