d_amplitudeForeHip d_amplitudeHindHip d_offsetForeHip d_offsetHindHip d_amplitudeForeKnee d_amplitudeHindKnee d_offsetKnee d_kneePhaseLag d_frequency d_duration distance angle stability
0.55 0.55 0.0667 -0.0667 0.8133 0.5467 0.2 0.8 2 2.496 0.140709 0.171822 455.499 
0.55 0.55 0.0667 -0.0667 0.8133 0.5267 0.2 0.8 2 2.344 0.023863 0.163165 469.412 
0.55 0.55 0.0667 -0.0667 0.8133 0.5067 0.2 0.8 2 1.296 0.115584 0.163155 460.352 
0.55 0.55 0.0667 -0.0667 0.8133 0.4867 0.2 0.8 2 13.264 0 0.17098 243.639 
0.55 0.55 0.0667 -0.0667 0.8133 0.4667 0.2 0.8 2 1.33 0.193389 0.168733 456.508 
0.55 0.55 0.0667 -0.0667 0.8133 0.4467 0.2 0.8 2 1.298 0.177559 0.160257 460.306 
0.55 0.55 0.0667 -0.0667 0.8133 0.4267 0.2 0.8 2 1.31 0.154524 0.16919 459.714 
0.55 0.55 0.0667 -0.0667 0.8133 0.4067 0.2 0.8 2 1.45 0 0.171831 434.671 
0.55 0.55 0.0667 -0.0667 0.8133 0.3867 0.2 0.8 2 1.556 0 0.171369 417.032 
0.55 0.55 0.0667 -0.0667 0.8133 0.3667 0.2 0.8 2 1.46 0 0.162128 433.992 
0.55 0.55 0.0667 -0.0667 0.8133 0.3467 0.2 0.8 2 1.086 0 0.167041 435.187 
0.55 0.55 0.0667 -0.0667 0.8133 0.3267 0.2 0.8 2 1.502 0.181338 0.165633 402.268 
0.55 0.55 0.0667 -0.0667 0.8133 0.3067 0.2 0.8 2 1.304 0 0.166182 427.335 
0.55 0.55 0.0667 -0.0667 0.8133 0.2867 0.2 0.8 2 1.398 0.0451069 0.168295 417.704 
0.55 0.55 0.0667 -0.0667 0.8133 0.2667 0.2 0.8 2 1.304 0 0.168393 421.68 
0.55 0.55 0.0667 -0.0667 0.8133 0.2467 0.2 0.8 2 1.546 0.247962 0.171109 456.452 
0.55 0.55 0.0667 -0.0667 0.8133 0.2267 0.2 0.8 2 1.24 0.150163 0.173484 433.065 
0.55 0.55 0.0667 -0.0667 0.8133 0.2067 0.2 0.8 2 3.026 0.341848 0.172861 444.682 
0.55 0.55 0.0667 -0.0667 0.8133 0.1867 0.2 0.8 2 1.538 0 0.173452 433.218 
0.55 0.55 0.0667 -0.0667 0.8133 0.1667 0.2 0.8 2 2.794 0 0.172451 427.836 
0.55 0.55 0.0667 -0.0667 0.7933 0.5467 0.2 0.8 2 2.806 0 0.172005 432.699 
0.55 0.55 0.0667 -0.0667 0.7933 0.5267 0.2 0.8 2 1.516 0.207774 0.171911 430.106 
0.55 0.55 0.0667 -0.0667 0.7933 0.5067 0.2 0.8 2 2.412 0.127422 0.172517 463.633 
0.55 0.55 0.0667 -0.0667 0.7933 0.4867 0.2 0.8 2 1.304 0.0675376 0.161484 460.817 
0.55 0.55 0.0667 -0.0667 0.7933 0.4667 0.2 0.8 2 1.398 0 0.168428 443.161 
0.55 0.55 0.0667 -0.0667 0.7933 0.4467 0.2 0.8 2 1.478 0 0.172874 432.013 
0.55 0.55 0.0667 -0.0667 0.7933 0.4267 0.2 0.8 2 1.564 0.227728 0.166117 403.506 
0.55 0.55 0.0667 -0.0667 0.7933 0.4067 0.2 0.8 2 1.312 0.00619269 0.164839 459.316 
0.55 0.55 0.0667 -0.0667 0.7933 0.3867 0.2 0.8 2 3.85 0.415451 0.169406 454.983 
0.55 0.55 0.0667 -0.0667 0.7933 0.3667 0.2 0.8 2 1.564 0.0615845 0.169935 435.933 
0.55 0.55 0.0667 -0.0667 0.7933 0.3467 0.2 0.8 2 1.77 0.183928 0.17272 413.333 
0.55 0.55 0.0667 -0.0667 0.7933 0.3267 0.2 0.8 2 1.31 0 0.168314 453.607 
0.55 0.55 0.0667 -0.0667 0.7933 0.3067 0.2 0.8 2 1.324 0 0.172441 454.236 
0.55 0.55 0.0667 -0.0667 0.7933 0.2867 0.2 0.8 2 1.342 0 0.168041 452.366 
0.55 0.55 0.0667 -0.0667 0.7933 0.2667 0.2 0.8 2 1.544 0.0677906 0.168277 432.992 
0.55 0.55 0.0667 -0.0667 0.7933 0.2467 0.2 0.8 2 2.936 0 0.164757 427.538 
0.55 0.55 0.0667 -0.0667 0.7933 0.2267 0.2 0.8 2 1.818 0.303904 0.172687 455.325 
0.55 0.55 0.0667 -0.0667 0.7933 0.2067 0.2 0.8 2 1.496 0.082716 0.167264 437.513 
0.55 0.55 0.0667 -0.0667 0.7933 0.1867 0.2 0.8 2 2.958 0.251134 0.170131 433.627 
0.55 0.55 0.0667 -0.0667 0.7933 0.1667 0.2 0.8 2 2.584 0.119161 0.167551 451.99 
0.55 0.55 0.0667 -0.0667 0.7733 0.5467 0.2 0.8 2 2.364 0.0921983 0.17181 463.999 
0.55 0.55 0.0667 -0.0667 0.7733 0.5267 0.2 0.8 2 4.67 0.0205038 0.171907 468.419 
0.55 0.55 0.0667 -0.0667 0.7733 0.5067 0.2 0.8 2 1.322 0.105788 0.165541 458.646 
0.55 0.55 0.0667 -0.0667 0.7733 0.4867 0.2 0.8 2 1.364 0.118376 0.171741 453.226 
0.55 0.55 0.0667 -0.0667 0.7733 0.4667 0.2 0.8 2 1.31 0.199572 0.173139 461.793 
0.55 0.55 0.0667 -0.0667 0.7733 0.4467 0.2 0.8 2 1.33 0.0762027 0.163672 458.605 
0.55 0.55 0.0667 -0.0667 0.7733 0.4267 0.2 0.8 2 1.56 0 0.173413 439.803 
0.55 0.55 0.0667 -0.0667 0.7733 0.4067 0.2 0.8 2 1.54 0 0.172086 441.367 
0.55 0.55 0.0667 -0.0667 0.7733 0.3867 0.2 0.8 2 1.368 0.03344 0.173384 380.434 
0.55 0.55 0.0667 -0.0667 0.7733 0.3667 0.2 0.8 2 1.082 0 0.170445 433.515 
0.55 0.55 0.0667 -0.0667 0.7733 0.3467 0.2 0.8 2 1.322 0.179013 0.173413 422.448 
0.55 0.55 0.0667 -0.0667 0.7733 0.3267 0.2 0.8 2 1.252 0.103376 0.165736 431.054 
0.55 0.55 0.0667 -0.0667 0.7733 0.3067 0.2 0.8 2 1.218 0.0252377 0.17217 429.092 
0.55 0.55 0.0667 -0.0667 0.7733 0.2867 0.2 0.8 2 1.786 0.275632 0.173499 422.544 
0.55 0.55 0.0667 -0.0667 0.7733 0.2667 0.2 0.8 2 1.994 0.0738741 0.1696 428.716 
0.55 0.55 0.0667 -0.0667 0.7733 0.2467 0.2 0.8 2 2.684 0 0.173296 427.065 
0.55 0.55 0.0667 -0.0667 0.7733 0.2267 0.2 0.8 2 1.59 0.102103 0.17046 430.679 
0.55 0.55 0.0667 -0.0667 0.7733 0.2067 0.2 0.8 2 1.58 0.0898063 0.16756 429.01 
0.55 0.55 0.0667 -0.0667 0.7733 0.1867 0.2 0.8 2 2.056 0 0.16181 418.127 
0.55 0.55 0.0667 -0.0667 0.7733 0.1667 0.2 0.8 2 2.462 0 0.170106 421.651 
0.55 0.55 0.0667 -0.0667 0.7533 0.5467 0.2 0.8 2 1.204 0 0.167251 400.488 
0.55 0.55 0.0667 -0.0667 0.7533 0.5267 0.2 0.8 2 1.196 0 0.170576 391.821 
0.55 0.55 0.0667 -0.0667 0.7533 0.5067 0.2 0.8 2 1.112 0 0.171686 411.496 
0.55 0.55 0.0667 -0.0667 0.7533 0.4867 0.2 0.8 2 1.33 0.0339778 0.164212 457.26 
0.55 0.55 0.0667 -0.0667 0.7533 0.4667 0.2 0.8 2 1.316 0.0583859 0.165855 460.993 
0.55 0.55 0.0667 -0.0667 0.7533 0.4467 0.2 0.8 2 5.382 0.38154 0.169711 438.704 
0.55 0.55 0.0667 -0.0667 0.7533 0.4267 0.2 0.8 2 1.122 0.130403 0.168747 405.263 
0.55 0.55 0.0667 -0.0667 0.7533 0.4067 0.2 0.8 2 1.982 0.42843 0.172391 403.643 
0.55 0.55 0.0667 -0.0667 0.7533 0.3867 0.2 0.8 2 2.496 0.15433 0.166331 424.549 
0.55 0.55 0.0667 -0.0667 0.7533 0.3667 0.2 0.8 2 1.708 0.17166 0.169252 400.667 
0.55 0.55 0.0667 -0.0667 0.7533 0.3467 0.2 0.8 2 2.972 0 0.166831 439.574 
0.55 0.55 0.0667 -0.0667 0.7533 0.3267 0.2 0.8 2 1.796 0.380993 0.173355 449.285 
0.55 0.55 0.0667 -0.0667 0.7533 0.3067 0.2 0.8 2 1.326 0 0.158208 454.964 
0.55 0.55 0.0667 -0.0667 0.7533 0.2867 0.2 0.8 2 1.43 0.00938814 0.169216 438.312 
0.55 0.55 0.0667 -0.0667 0.7533 0.2667 0.2 0.8 2 1.332 0.0309055 0.159207 456.837 
0.55 0.55 0.0667 -0.0667 0.7533 0.2467 0.2 0.8 2 3.856 0.151675 0.168035 458.555 
0.55 0.55 0.0667 -0.0667 0.7533 0.2267 0.2 0.8 2 3.95 0 0.169814 452.013 
0.55 0.55 0.0667 -0.0667 0.7533 0.2067 0.2 0.8 2 1.368 0.184005 0.17094 456.838 
0.55 0.55 0.0667 -0.0667 0.7533 0.1867 0.2 0.8 2 1.476 0.0512041 0.17012 439.767 
0.55 0.55 0.0667 -0.0667 0.7533 0.1667 0.2 0.8 2 2.986 0.0916793 0.169275 312.467 
0.55 0.55 0.0667 -0.0667 0.7333 0.5467 0.2 0.8 2 1.288 0.0730617 0.167733 428.616 
0.55 0.55 0.0667 -0.0667 0.7333 0.5267 0.2 0.8 2 1.992 0 0.16792 338.435 
0.55 0.55 0.0667 -0.0667 0.7333 0.5067 0.2 0.8 2 1.952 0.0575807 0.172001 413.114 
0.55 0.55 0.0667 -0.0667 0.7333 0.4867 0.2 0.8 2 1.378 0 0.167322 406.587 
0.55 0.55 0.0667 -0.0667 0.7333 0.4667 0.2 0.8 2 1.586 0 0.172662 379.444 
0.55 0.55 0.0667 -0.0667 0.7333 0.4467 0.2 0.8 2 1.082 0 0.165614 435.809 
0.55 0.55 0.0667 -0.0667 0.7333 0.4267 0.2 0.8 2 2.514 0 0.168473 438.15 
0.55 0.55 0.0667 -0.0667 0.7333 0.4067 0.2 0.8 2 1.554 0.0466751 0.169852 389.771 
0.55 0.55 0.0667 -0.0667 0.7333 0.3867 0.2 0.8 2 3.578 0.379954 0.171069 451.86 
0.55 0.55 0.0667 -0.0667 0.7333 0.3667 0.2 0.8 2 1.094 0 0.167909 431.475 
0.55 0.55 0.0667 -0.0667 0.7333 0.3467 0.2 0.8 2 1.24 0 0.168889 416.705 
0.55 0.55 0.0667 -0.0667 0.7333 0.3267 0.2 0.8 2 1.438 0.00867625 0.164685 438.949 
0.55 0.55 0.0667 -0.0667 0.7333 0.3067 0.2 0.8 2 3.744 0.158198 0.168119 464.991 
0.55 0.55 0.0667 -0.0667 0.7333 0.2867 0.2 0.8 2 1.332 0.0471924 0.1732 457.341 
0.55 0.55 0.0667 -0.0667 0.7333 0.2667 0.2 0.8 2 1.734 0.132279 0.168639 447.248 
0.55 0.55 0.0667 -0.0667 0.7333 0.2467 0.2 0.8 2 1.582 0.00955661 0.171955 423.191 
0.55 0.55 0.0667 -0.0667 0.7333 0.2267 0.2 0.8 2 1.506 0 0.173095 432.46 
0.55 0.55 0.0667 -0.0667 0.7333 0.2067 0.2 0.8 2 3.13 0.290447 0.170478 471.184 
0.55 0.55 0.0667 -0.0667 0.7333 0.1867 0.2 0.8 2 3.512 0.401155 0.170583 461.585 
0.55 0.55 0.0667 -0.0667 0.7333 0.1667 0.2 0.8 2 3.76 0.512147 0.16948 467.293 
0.55 0.55 0.0667 -0.0667 0.7133 0.5467 0.2 0.8 2 1.2 0.0346311 0.170219 422.066 
0.55 0.55 0.0667 -0.0667 0.7133 0.5267 0.2 0.8 2 1.252 0 0.165467 420.278 
0.55 0.55 0.0667 -0.0667 0.7133 0.5067 0.2 0.8 2 1.196 0.0242623 0.169901 422.165 
0.55 0.55 0.0667 -0.0667 0.7133 0.4867 0.2 0.8 2 1.24 0 0.173533 413.247 
0.55 0.55 0.0667 -0.0667 0.7133 0.4667 0.2 0.8 2 1.184 0 0.168001 417.305 
0.55 0.55 0.0667 -0.0667 0.7133 0.4467 0.2 0.8 2 1.22 0 0.168085 412.8 
0.55 0.55 0.0667 -0.0667 0.7133 0.4267 0.2 0.8 2 1.086 0 0.171245 431.47 
0.55 0.55 0.0667 -0.0667 0.7133 0.4067 0.2 0.8 2 1.45 0 0.170412 389.286 
0.55 0.55 0.0667 -0.0667 0.7133 0.3867 0.2 0.8 2 1.12 0 0.172005 419.508 
0.55 0.55 0.0667 -0.0667 0.7133 0.3667 0.2 0.8 2 1.254 0 0.171507 421.271 
0.55 0.55 0.0667 -0.0667 0.7133 0.3467 0.2 0.8 2 1.254 0 0.168729 421.1 
0.55 0.55 0.0667 -0.0667 0.7133 0.3267 0.2 0.8 2 3.288 0.328494 0.173463 456.269 
0.55 0.55 0.0667 -0.0667 0.7133 0.3067 0.2 0.8 2 2.986 0 0.167384 447.652 
0.55 0.55 0.0667 -0.0667 0.7133 0.2867 0.2 0.8 2 5.526 0.335882 0.172611 459.306 
0.55 0.55 0.0667 -0.0667 0.7133 0.2667 0.2 0.8 2 2.872 0.521354 0.172593 435.513 
0.55 0.55 0.0667 -0.0667 0.7133 0.2467 0.2 0.8 2 1.948 0.079678 0.165408 448.196 
0.55 0.55 0.0667 -0.0667 0.7133 0.2267 0.2 0.8 2 2.826 0.0917383 0.172197 473.321 
0.55 0.55 0.0667 -0.0667 0.7133 0.2067 0.2 0.8 2 2.098 0.0884203 0.171514 439.502 
0.55 0.55 0.0667 -0.0667 0.7133 0.1867 0.2 0.8 2 2.788 0 0.169159 441.25 
0.55 0.55 0.0667 -0.0667 0.7133 0.1667 0.2 0.8 2 2.462 0 0.166334 463.122 
0.55 0.55 0.0667 -0.0667 0.6933 0.5467 0.2 0.8 2 1.376 0.114665 0.172559 436.12 
0.55 0.55 0.0667 -0.0667 0.6933 0.5267 0.2 0.8 2 1.346 0.0544482 0.170433 437.846 
0.55 0.55 0.0667 -0.0667 0.6933 0.5067 0.2 0.8 2 1.254 0.0616514 0.164047 437.901 
0.55 0.55 0.0667 -0.0667 0.6933 0.4867 0.2 0.8 2 1.212 0 0.17232 425.525 
0.55 0.55 0.0667 -0.0667 0.6933 0.4667 0.2 0.8 2 1.098 0 0.17366 438.7 
0.55 0.55 0.0667 -0.0667 0.6933 0.4467 0.2 0.8 2 1.126 0.00605023 0.172086 434.499 
0.55 0.55 0.0667 -0.0667 0.6933 0.4267 0.2 0.8 2 1.118 0 0.172924 435.104 
0.55 0.55 0.0667 -0.0667 0.6933 0.4067 0.2 0.8 2 1.254 0 0.173507 424.508 
0.55 0.55 0.0667 -0.0667 0.6933 0.3867 0.2 0.8 2 1.202 0.0704845 0.168253 430.691 
0.55 0.55 0.0667 -0.0667 0.6933 0.3667 0.2 0.8 2 1.826 0.364323 0.172912 459.434 
0.55 0.55 0.0667 -0.0667 0.6933 0.3467 0.2 0.8 2 2.002 0 0.171829 438.411 
0.55 0.55 0.0667 -0.0667 0.6933 0.3267 0.2 0.8 2 1.662 0 0.173293 414.292 
0.55 0.55 0.0667 -0.0667 0.6933 0.3067 0.2 0.8 2 1.332 0.013204 0.163184 460.472 
0.55 0.55 0.0667 -0.0667 0.6933 0.2867 0.2 0.8 2 2.06 0.139604 0.171828 434.916 
0.55 0.55 0.0667 -0.0667 0.6933 0.2667 0.2 0.8 2 2.612 0.0735437 0.170784 442.17 
0.55 0.55 0.0667 -0.0667 0.6933 0.2467 0.2 0.8 2 5.532 0.695714 0.168108 471.959 
0.55 0.55 0.0667 -0.0667 0.6933 0.2267 0.2 0.8 2 3.816 0.158712 0.167981 458.369 
0.55 0.55 0.0667 -0.0667 0.6933 0.2067 0.2 0.8 2 2.308 0.476047 0.165398 467.537 
0.55 0.55 0.0667 -0.0667 0.6933 0.1867 0.2 0.8 2 1.804 0.159869 0.167951 460.8 
0.55 0.55 0.0667 -0.0667 0.6933 0.1667 0.2 0.8 2 2.94 0 0.166787 471.816 
0.55 0.55 0.0667 -0.0667 0.6733 0.5467 0.2 0.8 2 4.5 0 0.169937 465.388 
0.55 0.55 0.0667 -0.0667 0.6733 0.5267 0.2 0.8 2 1.452 0.0782797 0.169745 453.422 
0.55 0.55 0.0667 -0.0667 0.6733 0.5067 0.2 0.8 2 1.474 0 0.158335 432.836 
0.55 0.55 0.0667 -0.0667 0.6733 0.4867 0.2 0.8 2 2.532 0.554183 0.173522 431.414 
0.55 0.55 0.0667 -0.0667 0.6733 0.4667 0.2 0.8 2 1.748 0 0.167585 446.555 
0.55 0.55 0.0667 -0.0667 0.6733 0.4467 0.2 0.8 2 1.252 0.116258 0.16874 436.852 
0.55 0.55 0.0667 -0.0667 0.6733 0.4267 0.2 0.8 2 1.186 0.0550925 0.165522 428.37 
0.55 0.55 0.0667 -0.0667 0.6733 0.4067 0.2 0.8 2 2.216 0 0.173353 440.422 
0.55 0.55 0.0667 -0.0667 0.6733 0.3867 0.2 0.8 2 1.626 0.168582 0.164264 438.157 
0.55 0.55 0.0667 -0.0667 0.6733 0.3667 0.2 0.8 2 2.094 0.251296 0.165755 443.836 
0.55 0.55 0.0667 -0.0667 0.6733 0.3467 0.2 0.8 2 2.474 0 0.165454 450.126 
0.55 0.55 0.0667 -0.0667 0.6733 0.3267 0.2 0.8 2 3.052 0.353903 0.163916 461.171 
0.55 0.55 0.0667 -0.0667 0.6733 0.3067 0.2 0.8 2 1.834 0.213236 0.16962 454.284 
0.55 0.55 0.0667 -0.0667 0.6733 0.2867 0.2 0.8 2 2.216 0.279516 0.168272 435.183 
0.55 0.55 0.0667 -0.0667 0.6733 0.2667 0.2 0.8 2 2.508 0 0.166939 456.537 
0.55 0.55 0.0667 -0.0667 0.6733 0.2467 0.2 0.8 2 1.958 0.391157 0.172612 445.689 
0.55 0.55 0.0667 -0.0667 0.6733 0.2267 0.2 0.8 2 1.838 0.121233 0.161801 458.968 
0.55 0.55 0.0667 -0.0667 0.6733 0.2067 0.2 0.8 2 1.38 0 0.17014 454.43 
0.55 0.55 0.0667 -0.0667 0.6733 0.1867 0.2 0.8 2 1.456 0.00455076 0.16862 441.187 
0.55 0.55 0.0667 -0.0667 0.6733 0.1667 0.2 0.8 2 1.338 0.0854258 0.170592 461.843 
0.55 0.55 0.0667 -0.0667 0.6533 0.5467 0.2 0.8 2 1.352 0.21398 0.173436 459.367 
0.55 0.55 0.0667 -0.0667 0.6533 0.5267 0.2 0.8 2 1.34 0.190193 0.172119 458.424 
0.55 0.55 0.0667 -0.0667 0.6533 0.5067 0.2 0.8 2 1.318 0.0602227 0.162043 462.38 
0.55 0.55 0.0667 -0.0667 0.6533 0.4867 0.2 0.8 2 2.92 0.216317 0.167038 442.212 
0.55 0.55 0.0667 -0.0667 0.6533 0.4667 0.2 0.8 2 1.328 0.0220805 0.166166 459.797 
0.55 0.55 0.0667 -0.0667 0.6533 0.4467 0.2 0.8 2 1.506 0.295547 0.169562 444.306 
0.55 0.55 0.0667 -0.0667 0.6533 0.4267 0.2 0.8 2 1.342 0 0.17202 456.415 
0.55 0.55 0.0667 -0.0667 0.6533 0.4067 0.2 0.8 2 1.87 0 0.172946 418.655 
0.55 0.55 0.0667 -0.0667 0.6533 0.3867 0.2 0.8 2 4.752 0.211669 0.167964 467.996 
0.55 0.55 0.0667 -0.0667 0.6533 0.3667 0.2 0.8 2 1.446 0 0.171494 435.23 
0.55 0.55 0.0667 -0.0667 0.6533 0.3467 0.2 0.8 2 1.562 0.0736904 0.169204 448.624 
0.55 0.55 0.0667 -0.0667 0.6533 0.3267 0.2 0.8 2 10.974 0 0.173095 488.444 
0.55 0.55 0.0667 -0.0667 0.6533 0.3067 0.2 0.8 2 2.242 0 0.166882 430.783 
0.55 0.55 0.0667 -0.0667 0.6533 0.2867 0.2 0.8 2 2.55 0 0.165441 457.778 
0.55 0.55 0.0667 -0.0667 0.6533 0.2667 0.2 0.8 2 3.178 0.355656 0.166124 468.63 
0.55 0.55 0.0667 -0.0667 0.6533 0.2467 0.2 0.8 2 3.128 0 0.173251 435.79 
0.55 0.55 0.0667 -0.0667 0.6533 0.2267 0.2 0.8 2 3.214 0.482215 0.171554 450.828 
0.55 0.55 0.0667 -0.0667 0.6533 0.2067 0.2 0.8 2 5.01 0.539632 0.171976 445.928 
0.55 0.55 0.0667 -0.0667 0.6533 0.1867 0.2 0.8 2 3.61 0.257641 0.173112 423.261 
0.55 0.55 0.0667 -0.0667 0.6533 0.1667 0.2 0.8 2 1.678 0 0.171399 434.454 
0.55 0.55 0.0667 -0.0667 0.6333 0.5467 0.2 0.8 2 1.344 0.0621751 0.164798 458.299 
0.55 0.55 0.0667 -0.0667 0.6333 0.5267 0.2 0.8 2 3.858 0.318421 0.169692 458.057 
0.55 0.55 0.0667 -0.0667 0.6333 0.5067 0.2 0.8 2 2.806 0 0.171781 433.303 
0.55 0.55 0.0667 -0.0667 0.6333 0.4867 0.2 0.8 2 1.57 0 0.17275 436.987 
0.55 0.55 0.0667 -0.0667 0.6333 0.4667 0.2 0.8 2 1.552 0 0.172942 441.488 
0.55 0.55 0.0667 -0.0667 0.6333 0.4467 0.2 0.8 2 2.534 0.280928 0.1704 416.89 
0.55 0.55 0.0667 -0.0667 0.6333 0.4267 0.2 0.8 2 2.71 0.302823 0.165151 428.471 
0.55 0.55 0.0667 -0.0667 0.6333 0.4067 0.2 0.8 2 10.318 0 0.170747 478.948 
0.55 0.55 0.0667 -0.0667 0.6333 0.3867 0.2 0.8 2 4.168 0 0.172907 449.922 
0.55 0.55 0.0667 -0.0667 0.6333 0.3667 0.2 0.8 2 1.946 0 0.169392 442.268 
0.55 0.55 0.0667 -0.0667 0.6333 0.3467 0.2 0.8 2 2.53 0.0327329 0.171369 449.682 
0.55 0.55 0.0667 -0.0667 0.6333 0.3267 0.2 0.8 2 2.366 0.129557 0.167303 473.306 
0.55 0.55 0.0667 -0.0667 0.6333 0.3067 0.2 0.8 2 2.566 0 0.171311 465.563 
0.55 0.55 0.0667 -0.0667 0.6333 0.2867 0.2 0.8 2 2.472 0 0.171878 469.45 
0.55 0.55 0.0667 -0.0667 0.6333 0.2667 0.2 0.8 2 2.534 0.460311 0.169251 465.527 
0.55 0.55 0.0667 -0.0667 0.6333 0.2467 0.2 0.8 2 1.318 0.0943866 0.164011 464.478 
0.55 0.55 0.0667 -0.0667 0.6333 0.2267 0.2 0.8 2 2.456 0.334185 0.169592 458.462 
0.55 0.55 0.0667 -0.0667 0.6333 0.2067 0.2 0.8 2 4.69 0.243863 0.172701 448.818 
0.55 0.55 0.0667 -0.0667 0.6333 0.1867 0.2 0.8 2 2.602 0.0773533 0.164582 451.064 
0.55 0.55 0.0667 -0.0667 0.6333 0.1667 0.2 0.8 2 2.446 0.293491 0.168937 453.266 
0.55 0.55 0.0667 -0.0667 0.6133 0.5467 0.2 0.8 2 1.992 0.249215 0.173372 404.063 
0.55 0.55 0.0667 -0.0667 0.6133 0.5267 0.2 0.8 2 4.372 0.202553 0.165481 466.644 
0.55 0.55 0.0667 -0.0667 0.6133 0.5067 0.2 0.8 2 2.368 0.14477 0.172698 452.48 
0.55 0.55 0.0667 -0.0667 0.6133 0.4867 0.2 0.8 2 1.518 0.162928 0.172139 443.071 
0.55 0.55 0.0667 -0.0667 0.6133 0.4667 0.2 0.8 2 1.388 0.318916 0.173513 453.041 
0.55 0.55 0.0667 -0.0667 0.6133 0.4467 0.2 0.8 2 2.458 0.0818257 0.173441 440.836 
0.55 0.55 0.0667 -0.0667 0.6133 0.4267 0.2 0.8 2 1.814 0.13279 0.16432 458.564 
0.55 0.55 0.0667 -0.0667 0.6133 0.4067 0.2 0.8 2 1.808 0.155063 0.171498 461.279 
0.55 0.55 0.0667 -0.0667 0.6133 0.3867 0.2 0.8 2 4.542 0.39377 0.1668 454.307 
0.55 0.55 0.0667 -0.0667 0.6133 0.3667 0.2 0.8 2 5.71 0 0.167999 466.852 
0.55 0.55 0.0667 -0.0667 0.6133 0.3467 0.2 0.8 2 1.898 0.202855 0.166419 451.557 
0.55 0.55 0.0667 -0.0667 0.6133 0.3267 0.2 0.8 2 2.49 0 0.171341 462.157 
0.55 0.55 0.0667 -0.0667 0.6133 0.3067 0.2 0.8 2 2.32 0.295222 0.16238 478.024 
0.55 0.55 0.0667 -0.0667 0.6133 0.2867 0.2 0.8 2 1.392 0 0.170832 449.772 
0.55 0.55 0.0667 -0.0667 0.6133 0.2667 0.2 0.8 2 1.832 0.256284 0.172869 407.679 
0.55 0.55 0.0667 -0.0667 0.6133 0.2467 0.2 0.8 2 1.64 0 0.17286 433.17 
0.55 0.55 0.0667 -0.0667 0.6133 0.2267 0.2 0.8 2 3.076 0.122744 0.161903 456.194 
0.55 0.55 0.0667 -0.0667 0.6133 0.2067 0.2 0.8 2 4.238 0.0335312 0.170426 462.905 
0.55 0.55 0.0667 -0.0667 0.6133 0.1867 0.2 0.8 2 1.834 0.0178771 0.16911 465.304 
0.55 0.55 0.0667 -0.0667 0.6133 0.1667 0.2 0.8 2 3.862 0.167871 0.162486 455.646 
0.55 0.55 0.0667 -0.0667 0.5933 0.5467 0.2 0.8 2 1.77 0.32737 0.166668 458.034 
0.55 0.55 0.0667 -0.0667 0.5933 0.5267 0.2 0.8 2 7.25 0.0244285 0.166716 468.76 
0.55 0.55 0.0667 -0.0667 0.5933 0.5067 0.2 0.8 2 2.218 0.0758984 0.166126 449.014 
0.55 0.55 0.0667 -0.0667 0.5933 0.4867 0.2 0.8 2 4.778 0.553856 0.168179 457.599 
0.55 0.55 0.0667 -0.0667 0.5933 0.4667 0.2 0.8 2 11.81 1.54576 0.168814 487.562 
0.55 0.55 0.0667 -0.0667 0.5933 0.4467 0.2 0.8 2 7.012 0.837012 0.163206 474.633 
0.55 0.55 0.0667 -0.0667 0.5933 0.4267 0.2 0.8 2 15 1.98771 0.667168 471.709 
0.55 0.55 0.0667 -0.0667 0.5933 0.4067 0.2 0.8 2 2.322 0.438438 0.173394 443.935 
0.55 0.55 0.0667 -0.0667 0.5933 0.3867 0.2 0.8 2 3.516 0 0.167528 453.37 
0.55 0.55 0.0667 -0.0667 0.5933 0.3667 0.2 0.8 2 3.938 0 0.17367 467.136 
0.55 0.55 0.0667 -0.0667 0.5933 0.3467 0.2 0.8 2 3.736 0.565881 0.167725 468.691 
0.55 0.55 0.0667 -0.0667 0.5933 0.3267 0.2 0.8 2 4.132 0 0.172755 444.018 
0.55 0.55 0.0667 -0.0667 0.5933 0.3067 0.2 0.8 2 1.42 0 0.17069 442.055 
0.55 0.55 0.0667 -0.0667 0.5933 0.2867 0.2 0.8 2 1.388 0 0.170459 451.187 
0.55 0.55 0.0667 -0.0667 0.5933 0.2667 0.2 0.8 2 1.32 0.0743896 0.17281 463.679 
0.55 0.55 0.0667 -0.0667 0.5933 0.2467 0.2 0.8 2 2.56 0.435374 0.169233 452.109 
0.55 0.55 0.0667 -0.0667 0.5933 0.2267 0.2 0.8 2 1.702 0.338416 0.172 425.821 
0.55 0.55 0.0667 -0.0667 0.5933 0.2067 0.2 0.8 2 4.178 0.507913 0.171427 453.463 
0.55 0.55 0.0667 -0.0667 0.5933 0.1867 0.2 0.8 2 2.25 0.147441 0.173324 450.654 
0.55 0.55 0.0667 -0.0667 0.5933 0.1667 0.2 0.8 2 4.18 0.419879 0.170567 467.119 
0.55 0.55 0.0667 -0.0667 0.5733 0.5467 0.2 0.8 2 2.75 0.335867 0.169439 473.507 
0.55 0.55 0.0667 -0.0667 0.5733 0.5267 0.2 0.8 2 1.952 0.131267 0.166298 429.607 
0.55 0.55 0.0667 -0.0667 0.5733 0.5067 0.2 0.8 2 3.524 0 0.171153 455.647 
0.55 0.55 0.0667 -0.0667 0.5733 0.4867 0.2 0.8 2 2.156 0 0.170619 436.989 
0.55 0.55 0.0667 -0.0667 0.5733 0.4667 0.2 0.8 2 1.538 0.301739 0.170093 440.537 
0.55 0.55 0.0667 -0.0667 0.5733 0.4467 0.2 0.8 2 1.34 0 0.17115 456.692 
0.55 0.55 0.0667 -0.0667 0.5733 0.4267 0.2 0.8 2 7.502 0.0647829 0.170426 473.599 
0.55 0.55 0.0667 -0.0667 0.5733 0.4067 0.2 0.8 2 3.626 0.472249 0.167477 469.902 
0.55 0.55 0.0667 -0.0667 0.5733 0.3867 0.2 0.8 2 6.966 0.337233 0.165977 470.143 
0.55 0.55 0.0667 -0.0667 0.5733 0.3667 0.2 0.8 2 1.496 0.35909 0.169507 443.605 
0.55 0.55 0.0667 -0.0667 0.5733 0.3467 0.2 0.8 2 2.326 0.107238 0.16675 476.918 
0.55 0.55 0.0667 -0.0667 0.5733 0.3267 0.2 0.8 2 1.34 0.00900271 0.168166 457.426 
0.55 0.55 0.0667 -0.0667 0.5733 0.3067 0.2 0.8 2 1.324 0.154536 0.162831 461.913 
0.55 0.55 0.0667 -0.0667 0.5733 0.2867 0.2 0.8 2 1.388 0 0.173108 446.457 
0.55 0.55 0.0667 -0.0667 0.5733 0.2667 0.2 0.8 2 1.418 0 0.168769 442.412 
0.55 0.55 0.0667 -0.0667 0.5733 0.2467 0.2 0.8 2 2.484 0 0.171959 467.733 
0.55 0.55 0.0667 -0.0667 0.5733 0.2267 0.2 0.8 2 2.524 0 0.169943 465.741 
0.55 0.55 0.0667 -0.0667 0.5733 0.2067 0.2 0.8 2 1.708 0 0.163241 436.269 
0.55 0.55 0.0667 -0.0667 0.5733 0.1867 0.2 0.8 2 1.978 0.360787 0.162182 458.691 
0.55 0.55 0.0667 -0.0667 0.5733 0.1667 0.2 0.8 2 1.93 0.319106 0.173302 461.853 
0.55 0.55 0.0667 -0.0667 0.5533 0.5467 0.2 0.8 2 1.764 0.0747557 0.166488 457.132 
0.55 0.55 0.0667 -0.0667 0.5533 0.5267 0.2 0.8 2 1.236 0.130209 0.171196 444.98 
0.55 0.55 0.0667 -0.0667 0.5533 0.5067 0.2 0.8 2 1.476 0 0.173677 415.281 
0.55 0.55 0.0667 -0.0667 0.5533 0.4867 0.2 0.8 2 4.558 0 0.172714 437.642 
0.55 0.55 0.0667 -0.0667 0.5533 0.4667 0.2 0.8 2 3.886 0 0.169266 455.658 
0.55 0.55 0.0667 -0.0667 0.5533 0.4467 0.2 0.8 2 1.784 0.164202 0.169302 453.847 
0.55 0.55 0.0667 -0.0667 0.5533 0.4267 0.2 0.8 2 1.332 0 0.172095 455.395 
0.55 0.55 0.0667 -0.0667 0.5533 0.4067 0.2 0.8 2 6.298 0.355675 0.167997 481.17 
0.55 0.55 0.0667 -0.0667 0.5533 0.3867 0.2 0.8 2 2.824 0.344606 0.162624 472.33 
0.55 0.55 0.0667 -0.0667 0.5533 0.3667 0.2 0.8 2 2.794 0.600054 0.166741 469.435 
0.55 0.55 0.0667 -0.0667 0.5533 0.3467 0.2 0.8 2 3.474 0.169811 0.171071 455.974 
0.55 0.55 0.0667 -0.0667 0.5533 0.3267 0.2 0.8 2 3.344 0 0.168017 479.937 
0.55 0.55 0.0667 -0.0667 0.5533 0.3067 0.2 0.8 2 3.032 0.238792 0.167064 448.882 
0.55 0.55 0.0667 -0.0667 0.5533 0.2867 0.2 0.8 2 1.334 0.0353957 0.169952 460.573 
0.55 0.55 0.0667 -0.0667 0.5533 0.2667 0.2 0.8 2 1.334 0.211001 0.170418 460.757 
0.55 0.55 0.0667 -0.0667 0.5533 0.2467 0.2 0.8 2 3.012 0.560916 0.172195 434.832 
0.55 0.55 0.0667 -0.0667 0.5533 0.2267 0.2 0.8 2 5.222 0 0.168703 444.54 
0.55 0.55 0.0667 -0.0667 0.5533 0.2067 0.2 0.8 2 1.944 0 0.172242 443 
0.55 0.55 0.0667 -0.0667 0.5533 0.1867 0.2 0.8 2 1.474 0 0.167932 453.325 
0.55 0.55 0.0667 -0.0667 0.5533 0.1667 0.2 0.8 2 1.572 0 0.166962 440.814 
0.55 0.55 0.0667 -0.0667 0.5333 0.5467 0.2 0.8 2 1.3 0.113458 0.167364 443.056 
0.55 0.55 0.0667 -0.0667 0.5333 0.5267 0.2 0.8 2 1.886 0 0.168468 428.785 
0.55 0.55 0.0667 -0.0667 0.5333 0.5067 0.2 0.8 2 2.412 0.273529 0.173105 440.263 
0.55 0.55 0.0667 -0.0667 0.5333 0.4867 0.2 0.8 2 1.258 0.123299 0.171769 445.528 
0.55 0.55 0.0667 -0.0667 0.5333 0.4667 0.2 0.8 2 3.798 0 0.171083 449.387 
0.55 0.55 0.0667 -0.0667 0.5333 0.4467 0.2 0.8 2 1.87 0 0.171157 454.505 
0.55 0.55 0.0667 -0.0667 0.5333 0.4267 0.2 0.8 2 3.598 0.593771 0.168233 442.119 
0.55 0.55 0.0667 -0.0667 0.5333 0.4067 0.2 0.8 2 4.244 0.321027 0.164487 477.924 
0.55 0.55 0.0667 -0.0667 0.5333 0.3867 0.2 0.8 2 2.398 0.39914 0.168878 468.549 
0.55 0.55 0.0667 -0.0667 0.5333 0.3667 0.2 0.8 2 2.526 0.199235 0.170095 457.022 
0.55 0.55 0.0667 -0.0667 0.5333 0.3467 0.2 0.8 2 2.804 0.274304 0.167272 460.364 
0.55 0.55 0.0667 -0.0667 0.5333 0.3267 0.2 0.8 2 3.53 0.447696 0.173274 447.203 
0.55 0.55 0.0667 -0.0667 0.5333 0.3067 0.2 0.8 2 1.336 0.163364 0.168708 460.739 
0.55 0.55 0.0667 -0.0667 0.5333 0.2867 0.2 0.8 2 3.058 0.249879 0.169691 468.701 
0.55 0.55 0.0667 -0.0667 0.5333 0.2667 0.2 0.8 2 2.952 0.179158 0.170412 460.686 
0.55 0.55 0.0667 -0.0667 0.5333 0.2467 0.2 0.8 2 3.92 0 0.170422 459.973 
0.55 0.55 0.0667 -0.0667 0.5333 0.2267 0.2 0.8 2 2.022 0.00807069 0.172584 435.583 
0.55 0.55 0.0667 -0.0667 0.5333 0.2067 0.2 0.8 2 2.986 0.136674 0.170402 450.953 
0.55 0.55 0.0667 -0.0667 0.5333 0.1867 0.2 0.8 2 2.73 0.280267 0.169111 448.206 
0.55 0.55 0.0667 -0.0667 0.5333 0.1667 0.2 0.8 2 1.466 0.123049 0.164132 446.736 
0.55 0.55 0.0667 -0.0667 0.5133 0.5467 0.2 0.8 2 1.828 0.129259 0.160814 456.849 
0.55 0.55 0.0667 -0.0667 0.5133 0.5267 0.2 0.8 2 1.268 0.152245 0.17268 441.015 
0.55 0.55 0.0667 -0.0667 0.5133 0.5067 0.2 0.8 2 2.016 0.0467634 0.167653 443.007 
0.55 0.55 0.0667 -0.0667 0.5133 0.4867 0.2 0.8 2 3.264 0.213758 0.172302 447.577 
0.55 0.55 0.0667 -0.0667 0.5133 0.4667 0.2 0.8 2 1.698 0.0795896 0.170842 421.472 
0.55 0.55 0.0667 -0.0667 0.5133 0.4467 0.2 0.8 2 1.288 0.187636 0.168802 434.739 
0.55 0.55 0.0667 -0.0667 0.5133 0.4267 0.2 0.8 2 1.878 0 0.173229 453.89 
0.55 0.55 0.0667 -0.0667 0.5133 0.4067 0.2 0.8 2 2.232 0 0.170558 434.275 
0.55 0.55 0.0667 -0.0667 0.5133 0.3867 0.2 0.8 2 3.458 0 0.172541 465.679 
0.55 0.55 0.0667 -0.0667 0.5133 0.3667 0.2 0.8 2 2.732 0.388132 0.169697 441.012 
0.55 0.55 0.0667 -0.0667 0.5133 0.3467 0.2 0.8 2 1.578 0 0.173419 432.689 
0.55 0.55 0.0667 -0.0667 0.5133 0.3267 0.2 0.8 2 3.428 0.119243 0.169509 461.338 
0.55 0.55 0.0667 -0.0667 0.5133 0.3067 0.2 0.8 2 2.056 0 0.172511 452.207 
0.55 0.55 0.0667 -0.0667 0.5133 0.2867 0.2 0.8 2 3.502 0.567542 0.169869 453.071 
0.55 0.55 0.0667 -0.0667 0.5133 0.2667 0.2 0.8 2 3.328 0.370962 0.173228 478.285 
0.55 0.55 0.0667 -0.0667 0.5133 0.2467 0.2 0.8 2 2.234 0.0282298 0.164745 449.757 
0.55 0.55 0.0667 -0.0667 0.5133 0.2267 0.2 0.8 2 1.478 0.155271 0.168982 416.096 
0.55 0.55 0.0667 -0.0667 0.5133 0.2067 0.2 0.8 2 2.766 0.790557 0.165744 437.372 
0.55 0.55 0.0667 -0.0667 0.5133 0.1867 0.2 0.8 2 1.444 0.141673 0.165236 445.767 
0.55 0.55 0.0667 -0.0667 0.5133 0.1667 0.2 0.8 2 2.246 0.111021 0.171242 427.216 
0.55 0.55 0.0667 -0.0667 0.4933 0.5467 0.2 0.8 2 1.232 0.124406 0.16914 445.883 
0.55 0.55 0.0667 -0.0667 0.4933 0.5267 0.2 0.8 2 1.398 0 0.16443 427.217 
0.55 0.55 0.0667 -0.0667 0.4933 0.5067 0.2 0.8 2 1.2 0.0705739 0.171317 448.469 
0.55 0.55 0.0667 -0.0667 0.4933 0.4867 0.2 0.8 2 2.202 0 0.170703 432.162 
0.55 0.55 0.0667 -0.0667 0.4933 0.4667 0.2 0.8 2 3.486 0.163073 0.172768 442.202 
0.55 0.55 0.0667 -0.0667 0.4933 0.4467 0.2 0.8 2 4.406 0.40767 0.173123 442.115 
0.55 0.55 0.0667 -0.0667 0.4933 0.4267 0.2 0.8 2 1.56 0.07519 0.170642 423.235 
0.55 0.55 0.0667 -0.0667 0.4933 0.4067 0.2 0.8 2 1.822 0.26746 0.171877 450.036 
0.55 0.55 0.0667 -0.0667 0.4933 0.3867 0.2 0.8 2 3.914 0.0361614 0.172381 447.808 
0.55 0.55 0.0667 -0.0667 0.4933 0.3667 0.2 0.8 2 1.31 0.0532198 0.171857 460.753 
0.55 0.55 0.0667 -0.0667 0.4933 0.3467 0.2 0.8 2 6.572 0 0.172903 474.35 
0.55 0.55 0.0667 -0.0667 0.4933 0.3267 0.2 0.8 2 2.018 0.134164 0.167736 459.623 
0.55 0.55 0.0667 -0.0667 0.4933 0.3067 0.2 0.8 2 3.952 0.0280947 0.172423 467.268 
0.55 0.55 0.0667 -0.0667 0.4933 0.2867 0.2 0.8 2 1.862 0 0.166727 463.111 
0.55 0.55 0.0667 -0.0667 0.4933 0.2667 0.2 0.8 2 3.538 0.410125 0.166827 463.46 
0.55 0.55 0.0667 -0.0667 0.4933 0.2467 0.2 0.8 2 2.412 0.382752 0.17031 468.83 
0.55 0.55 0.0667 -0.0667 0.4933 0.2267 0.2 0.8 2 2.044 0.0770061 0.171278 458.33 
0.55 0.55 0.0667 -0.0667 0.4933 0.2067 0.2 0.8 2 2.02 0.137308 0.165851 441.151 
0.55 0.55 0.0667 -0.0667 0.4933 0.1867 0.2 0.8 2 3.536 0 0.16663 432.085 
0.55 0.55 0.0667 -0.0667 0.4933 0.1667 0.2 0.8 2 2.04 0.143582 0.169912 443.412 
0.55 0.55 0.0667 -0.0667 0.4733 0.5467 0.2 0.8 2 1.612 0.241942 0.173488 427.561 
0.55 0.55 0.0667 -0.0667 0.4733 0.5267 0.2 0.8 2 1.24 0.103744 0.173338 440.637 
0.55 0.55 0.0667 -0.0667 0.4733 0.5067 0.2 0.8 2 1.76 0 0.168233 422.955 
0.55 0.55 0.0667 -0.0667 0.4733 0.4867 0.2 0.8 2 1.754 0 0.16743 433.566 
0.55 0.55 0.0667 -0.0667 0.4733 0.4667 0.2 0.8 2 1.504 0.088108 0.173302 422.302 
0.55 0.55 0.0667 -0.0667 0.4733 0.4467 0.2 0.8 2 1.272 0.0646294 0.166728 441.292 
0.55 0.55 0.0667 -0.0667 0.4733 0.4267 0.2 0.8 2 2.828 0.19316 0.169532 454.363 
0.55 0.55 0.0667 -0.0667 0.4733 0.4067 0.2 0.8 2 2.092 0 0.166863 438.396 
0.55 0.55 0.0667 -0.0667 0.4733 0.3867 0.2 0.8 2 1.142 0.203192 0.169815 450.759 
0.55 0.55 0.0667 -0.0667 0.4733 0.3667 0.2 0.8 2 2.092 0.517688 0.171539 434.078 
0.55 0.55 0.0667 -0.0667 0.4733 0.3467 0.2 0.8 2 9.016 0.962251 0.168407 474.099 
0.55 0.55 0.0667 -0.0667 0.4733 0.3267 0.2 0.8 2 2.846 0 0.166603 469.625 
0.55 0.55 0.0667 -0.0667 0.4733 0.3067 0.2 0.8 2 1.828 0.18928 0.166502 465.933 
0.55 0.55 0.0667 -0.0667 0.4733 0.2867 0.2 0.8 2 1.87 0.176221 0.169364 463.013 
0.55 0.55 0.0667 -0.0667 0.4733 0.2667 0.2 0.8 2 1.988 0.00956372 0.160163 445.691 
0.55 0.55 0.0667 -0.0667 0.4733 0.2467 0.2 0.8 2 4.288 0.127412 0.171782 447.64 
0.55 0.55 0.0667 -0.0667 0.4733 0.2267 0.2 0.8 2 2.104 0.430489 0.173344 438.105 
0.55 0.55 0.0667 -0.0667 0.4733 0.2067 0.2 0.8 2 1.984 0 0.167346 445.739 
0.55 0.55 0.0667 -0.0667 0.4733 0.1867 0.2 0.8 2 2.508 0.323612 0.17351 469.394 
0.55 0.55 0.0667 -0.0667 0.4733 0.1667 0.2 0.8 2 2.518 0.0190793 0.171807 466.555 
0.55 0.55 0.0667 -0.0667 0.4533 0.5467 0.2 0.8 2 1.39 0.0288127 0.173128 427.013 
0.55 0.55 0.0667 -0.0667 0.4533 0.5267 0.2 0.8 2 1.126 0.243604 0.169317 431.196 
0.55 0.55 0.0667 -0.0667 0.4533 0.5067 0.2 0.8 2 1.102 0.176366 0.17315 447.603 
0.55 0.55 0.0667 -0.0667 0.4533 0.4867 0.2 0.8 2 1.162 0.0984359 0.158905 451.555 
0.55 0.55 0.0667 -0.0667 0.4533 0.4667 0.2 0.8 2 1.428 0.0561882 0.159735 429.711 
0.55 0.55 0.0667 -0.0667 0.4533 0.4467 0.2 0.8 2 1.992 0.190492 0.169339 449.236 
0.55 0.55 0.0667 -0.0667 0.4533 0.4267 0.2 0.8 2 2.188 0 0.171861 426.646 
0.55 0.55 0.0667 -0.0667 0.4533 0.4067 0.2 0.8 2 1.674 0.22395 0.17183 459.861 
0.55 0.55 0.0667 -0.0667 0.4533 0.3867 0.2 0.8 2 1.502 0.0200064 0.167885 419.551 
0.55 0.55 0.0667 -0.0667 0.4533 0.3667 0.2 0.8 2 1.72 0.301793 0.171363 420.47 
0.55 0.55 0.0667 -0.0667 0.4533 0.3467 0.2 0.8 2 3.99 0.397443 0.170827 449.49 
0.55 0.55 0.0667 -0.0667 0.4533 0.3267 0.2 0.8 2 2.938 0.437631 0.170034 468.775 
0.55 0.55 0.0667 -0.0667 0.4533 0.3067 0.2 0.8 2 2.052 0.276551 0.165121 457.482 
0.55 0.55 0.0667 -0.0667 0.4533 0.2867 0.2 0.8 2 3.446 0.584579 0.171958 462.652 
0.55 0.55 0.0667 -0.0667 0.4533 0.2667 0.2 0.8 2 2.084 0.415701 0.169234 442.165 
0.55 0.55 0.0667 -0.0667 0.4533 0.2467 0.2 0.8 2 2.002 0 0.171038 447.914 
0.55 0.55 0.0667 -0.0667 0.4533 0.2267 0.2 0.8 2 2.04 0 0.170355 460.284 
0.55 0.55 0.0667 -0.0667 0.4533 0.2067 0.2 0.8 2 2.918 0.377848 0.161823 472.286 
0.55 0.55 0.0667 -0.0667 0.4533 0.1867 0.2 0.8 2 2.732 0.466598 0.169776 471.443 
0.55 0.55 0.0667 -0.0667 0.4533 0.1667 0.2 0.8 2 1.492 0.187059 0.161382 444.201 
0.55 0.55 0.0667 -0.0667 0.4333 0.5467 0.2 0.8 2 1.416 0.0129225 0.17057 424.959 
0.55 0.55 0.0667 -0.0667 0.4333 0.5267 0.2 0.8 2 1.072 0.205171 0.173001 444.533 
0.55 0.55 0.0667 -0.0667 0.4333 0.5067 0.2 0.8 2 1.094 0.187831 0.168117 448.359 
0.55 0.55 0.0667 -0.0667 0.4333 0.4867 0.2 0.8 2 1.194 0.146552 0.160287 447.158 
0.55 0.55 0.0667 -0.0667 0.4333 0.4667 0.2 0.8 2 1.216 0.123256 0.16874 441.613 
0.55 0.55 0.0667 -0.0667 0.4333 0.4467 0.2 0.8 2 1.19 0.0568782 0.167565 448.25 
0.55 0.55 0.0667 -0.0667 0.4333 0.4267 0.2 0.8 2 1.356 0 0.169269 431.643 
0.55 0.55 0.0667 -0.0667 0.4333 0.4067 0.2 0.8 2 8.052 0 0.173598 476.02 
0.55 0.55 0.0667 -0.0667 0.4333 0.3867 0.2 0.8 2 1.7 0.152188 0.168849 423.37 
0.55 0.55 0.0667 -0.0667 0.4333 0.3667 0.2 0.8 2 2.556 0.457565 0.168369 462.951 
0.55 0.55 0.0667 -0.0667 0.4333 0.3467 0.2 0.8 2 1.988 0.246852 0.163027 459.18 
0.55 0.55 0.0667 -0.0667 0.4333 0.3267 0.2 0.8 2 2.052 0.44599 0.167305 443.43 
0.55 0.55 0.0667 -0.0667 0.4333 0.3067 0.2 0.8 2 2.07 0.204067 0.172624 461.985 
0.55 0.55 0.0667 -0.0667 0.4333 0.2867 0.2 0.8 2 3.17 0.271564 0.164621 445.6 
0.55 0.55 0.0667 -0.0667 0.4333 0.2667 0.2 0.8 2 2.082 0.419063 0.172988 444.436 
0.55 0.55 0.0667 -0.0667 0.4333 0.2467 0.2 0.8 2 1.89 0 0.170683 459.482 
0.55 0.55 0.0667 -0.0667 0.4333 0.2267 0.2 0.8 2 1.836 0 0.172504 466.28 
0.55 0.55 0.0667 -0.0667 0.4333 0.2067 0.2 0.8 2 1.99 0 0.162154 450.023 
0.55 0.55 0.0667 -0.0667 0.4333 0.1867 0.2 0.8 2 3.026 0.492214 0.166803 448.18 
0.55 0.55 0.0667 -0.0667 0.4333 0.1667 0.2 0.8 2 2.872 0 0.169087 448.565 
