d_amplitudeForeHip d_amplitudeHindHip d_offsetForeHip d_offsetHindHip d_amplitudeForeKnee d_amplitudeHindKnee d_offsetKnee d_kneePhaseLag d_frequency d_duration distance angle stability
0.45 0.45 0.0667 -0.0667 0.8133 0.5467 0.2 0.8 2 9.78 0.00307885 0.173198 473.258 
0.45 0.45 0.0667 -0.0667 0.8133 0.5267 0.2 0.8 2 15 0 0.212853 349.834 
0.45 0.45 0.0667 -0.0667 0.8133 0.5067 0.2 0.8 2 3.512 0.241721 0.171148 467.976 
0.45 0.45 0.0667 -0.0667 0.8133 0.4867 0.2 0.8 2 8.73 0 0.169981 473.767 
0.45 0.45 0.0667 -0.0667 0.8133 0.4667 0.2 0.8 2 8.93 0.126572 0.172979 479.17 
0.45 0.45 0.0667 -0.0667 0.8133 0.4467 0.2 0.8 2 15 0 0.756967 483.075 
0.45 0.45 0.0667 -0.0667 0.8133 0.4267 0.2 0.8 2 6 0.0906676 0.173073 461.148 
0.45 0.45 0.0667 -0.0667 0.8133 0.4067 0.2 0.8 2 8.484 0.398078 0.169708 473.651 
0.45 0.45 0.0667 -0.0667 0.8133 0.3867 0.2 0.8 2 4.966 0.292339 0.173624 471.327 
0.45 0.45 0.0667 -0.0667 0.8133 0.3667 0.2 0.8 2 6.118 0 0.170772 460.663 
0.45 0.45 0.0667 -0.0667 0.8133 0.3467 0.2 0.8 2 3 0.201098 0.170295 436.211 
0.45 0.45 0.0667 -0.0667 0.8133 0.3267 0.2 0.8 2 7.45 0 0.16811 463.917 
0.45 0.45 0.0667 -0.0667 0.8133 0.3067 0.2 0.8 2 4.754 0 0.167624 454.045 
0.45 0.45 0.0667 -0.0667 0.8133 0.2867 0.2 0.8 2 1.448 0.136542 0.16792 447.088 
0.45 0.45 0.0667 -0.0667 0.8133 0.2667 0.2 0.8 2 1.736 0.145517 0.168113 429.23 
0.45 0.45 0.0667 -0.0667 0.8133 0.2467 0.2 0.8 2 1.982 0.206723 0.17331 416.524 
0.45 0.45 0.0667 -0.0667 0.8133 0.2267 0.2 0.8 2 15 0 0.210208 235.552 
0.45 0.45 0.0667 -0.0667 0.8133 0.2067 0.2 0.8 2 5.538 0.144278 0.16834 467.711 
0.45 0.45 0.0667 -0.0667 0.8133 0.1867 0.2 0.8 2 1.232 0.00340411 0.168397 429.516 
0.45 0.45 0.0667 -0.0667 0.8133 0.1667 0.2 0.8 2 15 1.4952 0.920148 496.072 
0.45 0.45 0.0667 -0.0667 0.7933 0.5467 0.2 0.8 2 15 0.304511 0.765811 487.067 
0.45 0.45 0.0667 -0.0667 0.7933 0.5267 0.2 0.8 2 4.618 0 0.171074 467.092 
0.45 0.45 0.0667 -0.0667 0.7933 0.5067 0.2 0.8 2 6.5 0.380361 0.17229 472.676 
0.45 0.45 0.0667 -0.0667 0.7933 0.4867 0.2 0.8 2 2.998 0.189994 0.171562 427.279 
0.45 0.45 0.0667 -0.0667 0.7933 0.4667 0.2 0.8 2 13.35 0.4562 0.169715 479.037 
0.45 0.45 0.0667 -0.0667 0.7933 0.4467 0.2 0.8 2 7.792 0.120783 0.172785 370.381 
0.45 0.45 0.0667 -0.0667 0.7933 0.4267 0.2 0.8 2 2.958 0.173098 0.171097 447.973 
0.45 0.45 0.0667 -0.0667 0.7933 0.4067 0.2 0.8 2 5.166 0 0.172369 451.886 
0.45 0.45 0.0667 -0.0667 0.7933 0.3867 0.2 0.8 2 9.314 0.380542 0.171001 475.194 
0.45 0.45 0.0667 -0.0667 0.7933 0.3667 0.2 0.8 2 2.294 0.0559018 0.172917 447.325 
0.45 0.45 0.0667 -0.0667 0.7933 0.3467 0.2 0.8 2 9.552 0 0.161531 469.734 
0.45 0.45 0.0667 -0.0667 0.7933 0.3267 0.2 0.8 2 2.766 0 0.171449 462.454 
0.45 0.45 0.0667 -0.0667 0.7933 0.3067 0.2 0.8 2 2.264 0 0.169413 430.74 
0.45 0.45 0.0667 -0.0667 0.7933 0.2867 0.2 0.8 2 4.242 0 0.1642 464.792 
0.45 0.45 0.0667 -0.0667 0.7933 0.2667 0.2 0.8 2 15 0 0.214876 232.645 
0.45 0.45 0.0667 -0.0667 0.7933 0.2467 0.2 0.8 2 1.828 0.225215 0.172317 427.064 
0.45 0.45 0.0667 -0.0667 0.7933 0.2267 0.2 0.8 2 3.786 0.112598 0.171314 452.692 
0.45 0.45 0.0667 -0.0667 0.7933 0.2067 0.2 0.8 2 15 1.85989 0.916557 496.254 
0.45 0.45 0.0667 -0.0667 0.7933 0.1867 0.2 0.8 2 15 1.05043 0.904918 493.6 
0.45 0.45 0.0667 -0.0667 0.7933 0.1667 0.2 0.8 2 15 1.59459 0.895408 495.816 
0.45 0.45 0.0667 -0.0667 0.7733 0.5467 0.2 0.8 2 10.416 0.0987239 0.170639 479.419 
0.45 0.45 0.0667 -0.0667 0.7733 0.5267 0.2 0.8 2 9.29 0 0.173318 479.631 
0.45 0.45 0.0667 -0.0667 0.7733 0.5067 0.2 0.8 2 5.268 0.398833 0.172671 455.56 
0.45 0.45 0.0667 -0.0667 0.7733 0.4867 0.2 0.8 2 8.868 0.628753 0.171329 461.171 
0.45 0.45 0.0667 -0.0667 0.7733 0.4667 0.2 0.8 2 11.04 0.301178 0.169621 476.733 
0.45 0.45 0.0667 -0.0667 0.7733 0.4467 0.2 0.8 2 3.522 0.180503 0.167914 463.82 
0.45 0.45 0.0667 -0.0667 0.7733 0.4267 0.2 0.8 2 3.442 0.219052 0.173555 469.162 
0.45 0.45 0.0667 -0.0667 0.7733 0.4067 0.2 0.8 2 6.732 0.549972 0.166123 478.31 
0.45 0.45 0.0667 -0.0667 0.7733 0.3867 0.2 0.8 2 11.492 0 0.173238 482.474 
0.45 0.45 0.0667 -0.0667 0.7733 0.3667 0.2 0.8 2 15 0.501714 0.722877 491.088 
0.45 0.45 0.0667 -0.0667 0.7733 0.3467 0.2 0.8 2 10.254 0.277145 0.17196 484.29 
0.45 0.45 0.0667 -0.0667 0.7733 0.3267 0.2 0.8 2 11.292 0.599188 0.169541 484.223 
0.45 0.45 0.0667 -0.0667 0.7733 0.3067 0.2 0.8 2 4.478 0 0.170602 442.522 
0.45 0.45 0.0667 -0.0667 0.7733 0.2867 0.2 0.8 2 7.234 0.354995 0.173632 474.947 
0.45 0.45 0.0667 -0.0667 0.7733 0.2667 0.2 0.8 2 15 2.30674 0.890742 497.428 
0.45 0.45 0.0667 -0.0667 0.7733 0.2467 0.2 0.8 2 1.946 0.175006 0.167204 460.69 
0.45 0.45 0.0667 -0.0667 0.7733 0.2267 0.2 0.8 2 4.418 0.132003 0.169241 456.694 
0.45 0.45 0.0667 -0.0667 0.7733 0.2067 0.2 0.8 2 1.486 0.0048817 0.167625 438.159 
0.45 0.45 0.0667 -0.0667 0.7733 0.1867 0.2 0.8 2 5.156 0.0859715 0.171322 460.369 
0.45 0.45 0.0667 -0.0667 0.7733 0.1667 0.2 0.8 2 2.262 0.129117 0.170651 432.32 
0.45 0.45 0.0667 -0.0667 0.7533 0.5467 0.2 0.8 2 15 0.349516 0.860226 489.099 
0.45 0.45 0.0667 -0.0667 0.7533 0.5267 0.2 0.8 2 15 0.35795 0.86678 488.355 
0.45 0.45 0.0667 -0.0667 0.7533 0.5067 0.2 0.8 2 6.564 0.0376278 0.172197 467.693 
0.45 0.45 0.0667 -0.0667 0.7533 0.4867 0.2 0.8 2 13.258 0.366507 0.173168 482.67 
0.45 0.45 0.0667 -0.0667 0.7533 0.4667 0.2 0.8 2 9.538 0.541528 0.17246 474.768 
0.45 0.45 0.0667 -0.0667 0.7533 0.4467 0.2 0.8 2 2.804 0.215582 0.173543 434.444 
0.45 0.45 0.0667 -0.0667 0.7533 0.4267 0.2 0.8 2 8.718 0 0.172577 479.144 
0.45 0.45 0.0667 -0.0667 0.7533 0.4067 0.2 0.8 2 9.284 0.737782 0.173338 470.287 
0.45 0.45 0.0667 -0.0667 0.7533 0.3867 0.2 0.8 2 15 2.47352 0.884986 496.966 
0.45 0.45 0.0667 -0.0667 0.7533 0.3667 0.2 0.8 2 3.452 0.130376 0.170145 464.214 
0.45 0.45 0.0667 -0.0667 0.7533 0.3467 0.2 0.8 2 15 1.91494 0.890308 496.283 
0.45 0.45 0.0667 -0.0667 0.7533 0.3267 0.2 0.8 2 9.282 0.773792 0.173001 475.89 
0.45 0.45 0.0667 -0.0667 0.7533 0.3067 0.2 0.8 2 15 2.09609 0.746579 492.677 
0.45 0.45 0.0667 -0.0667 0.7533 0.2867 0.2 0.8 2 1.984 0.214298 0.167799 457.265 
0.45 0.45 0.0667 -0.0667 0.7533 0.2667 0.2 0.8 2 12.608 0.60158 0.170488 478.391 
0.45 0.45 0.0667 -0.0667 0.7533 0.2467 0.2 0.8 2 15 2.01606 0.896522 496.794 
0.45 0.45 0.0667 -0.0667 0.7533 0.2267 0.2 0.8 2 15 1.31143 0.613356 486.889 
0.45 0.45 0.0667 -0.0667 0.7533 0.2067 0.2 0.8 2 15 1.79947 0.852801 496.104 
0.45 0.45 0.0667 -0.0667 0.7533 0.1867 0.2 0.8 2 15 1.45845 0.871703 495.683 
0.45 0.45 0.0667 -0.0667 0.7533 0.1667 0.2 0.8 2 2.014 0.169704 0.173173 433.639 
0.45 0.45 0.0667 -0.0667 0.7333 0.5467 0.2 0.8 2 11.074 0 0.171145 478.666 
0.45 0.45 0.0667 -0.0667 0.7333 0.5267 0.2 0.8 2 9.07 0.00639632 0.168591 476.631 
0.45 0.45 0.0667 -0.0667 0.7333 0.5067 0.2 0.8 2 15 0.412053 0.863873 488.451 
0.45 0.45 0.0667 -0.0667 0.7333 0.4867 0.2 0.8 2 9.534 0.169998 0.17069 480.305 
0.45 0.45 0.0667 -0.0667 0.7333 0.4667 0.2 0.8 2 15 1.19024 0.796595 492.28 
0.45 0.45 0.0667 -0.0667 0.7333 0.4467 0.2 0.8 2 8.058 0.46503 0.16991 481.712 
0.45 0.45 0.0667 -0.0667 0.7333 0.4267 0.2 0.8 2 15 0.750727 0.25959 468.341 
0.45 0.45 0.0667 -0.0667 0.7333 0.4067 0.2 0.8 2 15 2.09099 0.882474 496.915 
0.45 0.45 0.0667 -0.0667 0.7333 0.3867 0.2 0.8 2 3.052 0.158581 0.16904 462.742 
0.45 0.45 0.0667 -0.0667 0.7333 0.3667 0.2 0.8 2 15 1.18408 0.549429 486.213 
0.45 0.45 0.0667 -0.0667 0.7333 0.3467 0.2 0.8 2 3.004 0.219098 0.172592 437.319 
0.45 0.45 0.0667 -0.0667 0.7333 0.3267 0.2 0.8 2 15 0 0.250576 271.565 
0.45 0.45 0.0667 -0.0667 0.7333 0.3067 0.2 0.8 2 15 2.34634 0.889961 497.721 
0.45 0.45 0.0667 -0.0667 0.7333 0.2867 0.2 0.8 2 2.524 0.26557 0.171637 462.217 
0.45 0.45 0.0667 -0.0667 0.7333 0.2667 0.2 0.8 2 3.93 0.150769 0.167855 464.376 
0.45 0.45 0.0667 -0.0667 0.7333 0.2467 0.2 0.8 2 5.604 0.101357 0.170773 462.669 
0.45 0.45 0.0667 -0.0667 0.7333 0.2267 0.2 0.8 2 2.1 0.226009 0.171221 448.402 
0.45 0.45 0.0667 -0.0667 0.7333 0.2067 0.2 0.8 2 2.09 0.189198 0.17278 451.698 
0.45 0.45 0.0667 -0.0667 0.7333 0.1867 0.2 0.8 2 3.488 0 0.17344 451.453 
0.45 0.45 0.0667 -0.0667 0.7333 0.1667 0.2 0.8 2 4.032 0.0304413 0.17024 461.025 
0.45 0.45 0.0667 -0.0667 0.7133 0.5467 0.2 0.8 2 3.18 0.0456065 0.170339 451.813 
0.45 0.45 0.0667 -0.0667 0.7133 0.5267 0.2 0.8 2 15 0.627094 0.867283 490.511 
0.45 0.45 0.0667 -0.0667 0.7133 0.5067 0.2 0.8 2 3.798 0.186278 0.17267 457.185 
0.45 0.45 0.0667 -0.0667 0.7133 0.4867 0.2 0.8 2 6.568 0 0.170058 470.899 
0.45 0.45 0.0667 -0.0667 0.7133 0.4667 0.2 0.8 2 5.548 0.21153 0.172998 472.712 
0.45 0.45 0.0667 -0.0667 0.7133 0.4467 0.2 0.8 2 5.536 0.237039 0.171842 474.636 
0.45 0.45 0.0667 -0.0667 0.7133 0.4267 0.2 0.8 2 15 1.36874 0.636296 491.101 
0.45 0.45 0.0667 -0.0667 0.7133 0.4067 0.2 0.8 2 15 3.03222 0.87756 498.27 
0.45 0.45 0.0667 -0.0667 0.7133 0.3867 0.2 0.8 2 15 2.95025 0.881843 498.181 
0.45 0.45 0.0667 -0.0667 0.7133 0.3667 0.2 0.8 2 15 2.67601 0.883322 498.123 
0.45 0.45 0.0667 -0.0667 0.7133 0.3467 0.2 0.8 2 3.292 0.215557 0.173026 453.005 
0.45 0.45 0.0667 -0.0667 0.7133 0.3267 0.2 0.8 2 15 2.49653 0.886624 498.057 
0.45 0.45 0.0667 -0.0667 0.7133 0.3067 0.2 0.8 2 15 1.93635 0.591934 489.985 
0.45 0.45 0.0667 -0.0667 0.7133 0.2867 0.2 0.8 2 15 2.29033 0.913637 497.823 
0.45 0.45 0.0667 -0.0667 0.7133 0.2667 0.2 0.8 2 3.158 0 0.171403 448.853 
0.45 0.45 0.0667 -0.0667 0.7133 0.2467 0.2 0.8 2 1.724 0.12976 0.171075 426.273 
0.45 0.45 0.0667 -0.0667 0.7133 0.2267 0.2 0.8 2 15 1.32695 0.896536 494.165 
0.45 0.45 0.0667 -0.0667 0.7133 0.2067 0.2 0.8 2 2.018 0.221717 0.171658 456.889 
0.45 0.45 0.0667 -0.0667 0.7133 0.1867 0.2 0.8 2 4.526 0.411954 0.169247 468.084 
0.45 0.45 0.0667 -0.0667 0.7133 0.1667 0.2 0.8 2 3.522 0 0.172637 459.164 
0.45 0.45 0.0667 -0.0667 0.6933 0.5467 0.2 0.8 2 2.792 0.23196 0.172765 438.677 
0.45 0.45 0.0667 -0.0667 0.6933 0.5267 0.2 0.8 2 15 0.26189 0.645619 480.656 
0.45 0.45 0.0667 -0.0667 0.6933 0.5067 0.2 0.8 2 8.568 0.788397 0.172392 479.624 
0.45 0.45 0.0667 -0.0667 0.6933 0.4867 0.2 0.8 2 3.728 0 0.173206 461.227 
0.45 0.45 0.0667 -0.0667 0.6933 0.4667 0.2 0.8 2 11.34 0.245061 0.169759 482.202 
0.45 0.45 0.0667 -0.0667 0.6933 0.4467 0.2 0.8 2 11.452 1.32389 0.172713 488.398 
0.45 0.45 0.0667 -0.0667 0.6933 0.4267 0.2 0.8 2 15 2.60638 0.868816 497.707 
0.45 0.45 0.0667 -0.0667 0.6933 0.4067 0.2 0.8 2 5.524 0.0186237 0.172601 471.44 
0.45 0.45 0.0667 -0.0667 0.6933 0.3867 0.2 0.8 2 15 2.65688 0.877649 498.123 
0.45 0.45 0.0667 -0.0667 0.6933 0.3667 0.2 0.8 2 15 2.38845 0.884081 497.826 
0.45 0.45 0.0667 -0.0667 0.6933 0.3467 0.2 0.8 2 10.982 0.28065 0.170352 475.118 
0.45 0.45 0.0667 -0.0667 0.6933 0.3267 0.2 0.8 2 15 2.46885 0.889685 498.016 
0.45 0.45 0.0667 -0.0667 0.6933 0.3067 0.2 0.8 2 15 2.37506 0.893485 497.973 
0.45 0.45 0.0667 -0.0667 0.6933 0.2867 0.2 0.8 2 2.604 0.0729594 0.17084 449.244 
0.45 0.45 0.0667 -0.0667 0.6933 0.2667 0.2 0.8 2 15 1.62277 0.776346 494.85 
0.45 0.45 0.0667 -0.0667 0.6933 0.2467 0.2 0.8 2 4.202 0.235954 0.165787 462.716 
0.45 0.45 0.0667 -0.0667 0.6933 0.2267 0.2 0.8 2 15 1.63574 0.891473 496.305 
0.45 0.45 0.0667 -0.0667 0.6933 0.2067 0.2 0.8 2 4.068 0.179543 0.172842 453.652 
0.45 0.45 0.0667 -0.0667 0.6933 0.1867 0.2 0.8 2 3.106 0.251351 0.173377 459.383 
0.45 0.45 0.0667 -0.0667 0.6933 0.1667 0.2 0.8 2 5.036 0.466409 0.170889 472.956 
0.45 0.45 0.0667 -0.0667 0.6733 0.5467 0.2 0.8 2 15 0 0.869168 488.547 
0.45 0.45 0.0667 -0.0667 0.6733 0.5267 0.2 0.8 2 4.476 0.361933 0.168747 457.837 
0.45 0.45 0.0667 -0.0667 0.6733 0.5067 0.2 0.8 2 15 1.56728 0.87746 495.17 
0.45 0.45 0.0667 -0.0667 0.6733 0.4867 0.2 0.8 2 15 1.00428 0.673384 488.623 
0.45 0.45 0.0667 -0.0667 0.6733 0.4667 0.2 0.8 2 1.47 0.20623 0.170958 447.09 
0.45 0.45 0.0667 -0.0667 0.6733 0.4467 0.2 0.8 2 4.466 0.399823 0.168131 473.05 
0.45 0.45 0.0667 -0.0667 0.6733 0.4267 0.2 0.8 2 1.486 0.165793 0.17208 447.317 
0.45 0.45 0.0667 -0.0667 0.6733 0.4067 0.2 0.8 2 1.454 0.273346 0.173522 444.318 
0.45 0.45 0.0667 -0.0667 0.6733 0.3867 0.2 0.8 2 1.514 0.242339 0.166722 392.35 
0.45 0.45 0.0667 -0.0667 0.6733 0.3667 0.2 0.8 2 15 2.55991 0.882971 498.281 
0.45 0.45 0.0667 -0.0667 0.6733 0.3467 0.2 0.8 2 15 2.42835 0.889678 498.029 
0.45 0.45 0.0667 -0.0667 0.6733 0.3267 0.2 0.8 2 15 2.33787 0.891473 497.981 
0.45 0.45 0.0667 -0.0667 0.6733 0.3067 0.2 0.8 2 15 1.64238 0.615347 491.94 
0.45 0.45 0.0667 -0.0667 0.6733 0.2867 0.2 0.8 2 15 1.8435 0.903025 496.981 
0.45 0.45 0.0667 -0.0667 0.6733 0.2667 0.2 0.8 2 14.132 0 0.170681 488.626 
0.45 0.45 0.0667 -0.0667 0.6733 0.2467 0.2 0.8 2 5.304 0.11742 0.173322 474.883 
0.45 0.45 0.0667 -0.0667 0.6733 0.2267 0.2 0.8 2 15 1.1474 0.895414 495.045 
0.45 0.45 0.0667 -0.0667 0.6733 0.2067 0.2 0.8 2 15 1.28254 0.730651 492.839 
0.45 0.45 0.0667 -0.0667 0.6733 0.1867 0.2 0.8 2 15 1.28689 0.888827 496.331 
0.45 0.45 0.0667 -0.0667 0.6733 0.1667 0.2 0.8 2 2.396 0.0239547 0.169886 455.81 
0.45 0.45 0.0667 -0.0667 0.6533 0.5467 0.2 0.8 2 15 1.62279 0.877149 494.644 
0.45 0.45 0.0667 -0.0667 0.6533 0.5267 0.2 0.8 2 15 0.754394 0.845813 492.112 
0.45 0.45 0.0667 -0.0667 0.6533 0.5067 0.2 0.8 2 9.046 0.898978 0.171907 483.498 
0.45 0.45 0.0667 -0.0667 0.6533 0.4867 0.2 0.8 2 15 1.26058 0.862591 493.196 
0.45 0.45 0.0667 -0.0667 0.6533 0.4667 0.2 0.8 2 1.46 0.231389 0.171449 439.316 
0.45 0.45 0.0667 -0.0667 0.6533 0.4467 0.2 0.8 2 1.458 0.152762 0.171762 444.232 
0.45 0.45 0.0667 -0.0667 0.6533 0.4267 0.2 0.8 2 15 2.49655 0.752452 495.514 
0.45 0.45 0.0667 -0.0667 0.6533 0.4067 0.2 0.8 2 15 2.29962 0.746263 495.418 
0.45 0.45 0.0667 -0.0667 0.6533 0.3867 0.2 0.8 2 1.826 0.143772 0.169596 406.001 
0.45 0.45 0.0667 -0.0667 0.6533 0.3667 0.2 0.8 2 1.518 0.206892 0.1732 393.352 
0.45 0.45 0.0667 -0.0667 0.6533 0.3467 0.2 0.8 2 1.192 0.0329063 0.168577 419.219 
0.45 0.45 0.0667 -0.0667 0.6533 0.3267 0.2 0.8 2 15 1.74556 0.583126 489.116 
0.45 0.45 0.0667 -0.0667 0.6533 0.3067 0.2 0.8 2 2.498 0.256637 0.172863 401.851 
0.45 0.45 0.0667 -0.0667 0.6533 0.2867 0.2 0.8 2 15 1.63588 0.877039 496.775 
0.45 0.45 0.0667 -0.0667 0.6533 0.2667 0.2 0.8 2 15 1.52341 0.864399 496.779 
0.45 0.45 0.0667 -0.0667 0.6533 0.2467 0.2 0.8 2 3.464 0.199084 0.17138 463.876 
0.45 0.45 0.0667 -0.0667 0.6533 0.2267 0.2 0.8 2 3.808 0.0312446 0.16664 457.776 
0.45 0.45 0.0667 -0.0667 0.6533 0.2067 0.2 0.8 2 15 1.15528 0.885917 496.26 
0.45 0.45 0.0667 -0.0667 0.6533 0.1867 0.2 0.8 2 4.536 0 0.169259 456.398 
0.45 0.45 0.0667 -0.0667 0.6533 0.1667 0.2 0.8 2 15 1.27495 0.962439 496.768 
0.45 0.45 0.0667 -0.0667 0.6333 0.5467 0.2 0.8 2 15 1.13945 0.835493 492.065 
0.45 0.45 0.0667 -0.0667 0.6333 0.5267 0.2 0.8 2 15 1.16789 0.760527 485.875 
0.45 0.45 0.0667 -0.0667 0.6333 0.5067 0.2 0.8 2 15 1.85319 0.887488 493.81 
0.45 0.45 0.0667 -0.0667 0.6333 0.4867 0.2 0.8 2 15 1.16591 0.873217 494.741 
0.45 0.45 0.0667 -0.0667 0.6333 0.4667 0.2 0.8 2 1.53 0.223538 0.169839 444.596 
0.45 0.45 0.0667 -0.0667 0.6333 0.4467 0.2 0.8 2 1.454 0.188981 0.169003 445.297 
0.45 0.45 0.0667 -0.0667 0.6333 0.4267 0.2 0.8 2 2.806 0.00390096 0.169047 447.286 
0.45 0.45 0.0667 -0.0667 0.6333 0.4067 0.2 0.8 2 15 2.18283 0.73907 494.977 
0.45 0.45 0.0667 -0.0667 0.6333 0.3867 0.2 0.8 2 15 1.00365 0.628 485.121 
0.45 0.45 0.0667 -0.0667 0.6333 0.3667 0.2 0.8 2 0.99 0.020191 0.162372 417.536 
0.45 0.45 0.0667 -0.0667 0.6333 0.3467 0.2 0.8 2 1.026 0.134362 0.163585 400.926 
0.45 0.45 0.0667 -0.0667 0.6333 0.3267 0.2 0.8 2 1.314 0.0121647 0.172736 415.158 
0.45 0.45 0.0667 -0.0667 0.6333 0.3067 0.2 0.8 2 1.856 0.0678941 0.172331 428.264 
0.45 0.45 0.0667 -0.0667 0.6333 0.2867 0.2 0.8 2 5.08 0.282953 0.168371 471.359 
0.45 0.45 0.0667 -0.0667 0.6333 0.2667 0.2 0.8 2 7.58 0.706178 0.16971 484.427 
0.45 0.45 0.0667 -0.0667 0.6333 0.2467 0.2 0.8 2 15 1.43875 0.87397 496.47 
0.45 0.45 0.0667 -0.0667 0.6333 0.2267 0.2 0.8 2 15 1.16689 0.876142 496.264 
0.45 0.45 0.0667 -0.0667 0.6333 0.2067 0.2 0.8 2 2.646 0.308111 0.172238 450.162 
0.45 0.45 0.0667 -0.0667 0.6333 0.1867 0.2 0.8 2 3.176 0.117168 0.170728 450.085 
0.45 0.45 0.0667 -0.0667 0.6333 0.1667 0.2 0.8 2 3.512 0.294542 0.172581 474.077 
0.45 0.45 0.0667 -0.0667 0.6133 0.5467 0.2 0.8 2 15 0.476245 0.668807 491.285 
0.45 0.45 0.0667 -0.0667 0.6133 0.5267 0.2 0.8 2 15 1.71218 0.886458 494.783 
0.45 0.45 0.0667 -0.0667 0.6133 0.5067 0.2 0.8 2 15 2.77881 0.943803 497.734 
0.45 0.45 0.0667 -0.0667 0.6133 0.4867 0.2 0.8 2 15 2.02075 0.785614 494.876 
0.45 0.45 0.0667 -0.0667 0.6133 0.4667 0.2 0.8 2 5.886 0.0541816 0.171268 476.243 
0.45 0.45 0.0667 -0.0667 0.6133 0.4467 0.2 0.8 2 4.948 0.401678 0.168946 460.612 
0.45 0.45 0.0667 -0.0667 0.6133 0.4267 0.2 0.8 2 1.41 0.22611 0.171518 448.519 
0.45 0.45 0.0667 -0.0667 0.6133 0.4067 0.2 0.8 2 1.324 0.0808855 0.171903 433.683 
0.45 0.45 0.0667 -0.0667 0.6133 0.3867 0.2 0.8 2 1.482 0.0680921 0.169081 449.455 
0.45 0.45 0.0667 -0.0667 0.6133 0.3667 0.2 0.8 2 1.318 0.083519 0.169766 420.954 
0.45 0.45 0.0667 -0.0667 0.6133 0.3467 0.2 0.8 2 1.138 0.0331974 0.167477 410.599 
0.45 0.45 0.0667 -0.0667 0.6133 0.3267 0.2 0.8 2 1.896 0.246344 0.171999 418.615 
0.45 0.45 0.0667 -0.0667 0.6133 0.3067 0.2 0.8 2 1.484 0 0.17118 406.763 
0.45 0.45 0.0667 -0.0667 0.6133 0.2867 0.2 0.8 2 4.468 0.0517318 0.166364 469.35 
0.45 0.45 0.0667 -0.0667 0.6133 0.2667 0.2 0.8 2 15 1.26977 0.862627 496.15 
0.45 0.45 0.0667 -0.0667 0.6133 0.2467 0.2 0.8 2 7.384 0.384808 0.172512 478.789 
0.45 0.45 0.0667 -0.0667 0.6133 0.2267 0.2 0.8 2 15 1.15025 0.874412 496.157 
0.45 0.45 0.0667 -0.0667 0.6133 0.2067 0.2 0.8 2 2.266 0.155325 0.171426 422.515 
0.45 0.45 0.0667 -0.0667 0.6133 0.1867 0.2 0.8 2 15 1.08194 0.893291 495.704 
0.45 0.45 0.0667 -0.0667 0.6133 0.1667 0.2 0.8 2 3.164 0.275025 0.163974 456.881 
0.45 0.45 0.0667 -0.0667 0.5933 0.5467 0.2 0.8 2 15 2.60403 0.960266 497.451 
0.45 0.45 0.0667 -0.0667 0.5933 0.5267 0.2 0.8 2 4.334 0.395719 0.168306 464.976 
0.45 0.45 0.0667 -0.0667 0.5933 0.5067 0.2 0.8 2 15 2.60945 0.960876 497.624 
0.45 0.45 0.0667 -0.0667 0.5933 0.4867 0.2 0.8 2 15 2.35712 0.952538 497.176 
0.45 0.45 0.0667 -0.0667 0.5933 0.4667 0.2 0.8 2 15 2.32168 0.954928 497.058 
0.45 0.45 0.0667 -0.0667 0.5933 0.4467 0.2 0.8 2 3.734 0.320858 0.167726 458.036 
0.45 0.45 0.0667 -0.0667 0.5933 0.4267 0.2 0.8 2 15 1.77738 0.651547 492.882 
0.45 0.45 0.0667 -0.0667 0.5933 0.4067 0.2 0.8 2 2.03 0.280539 0.165885 434.307 
0.45 0.45 0.0667 -0.0667 0.5933 0.3867 0.2 0.8 2 1.332 0.0890388 0.171746 434.303 
0.45 0.45 0.0667 -0.0667 0.5933 0.3667 0.2 0.8 2 15 1.72474 0.768631 492.57 
0.45 0.45 0.0667 -0.0667 0.5933 0.3467 0.2 0.8 2 2.032 0.273268 0.171346 418.901 
0.45 0.45 0.0667 -0.0667 0.5933 0.3267 0.2 0.8 2 1.238 0.175834 0.154453 416.421 
0.45 0.45 0.0667 -0.0667 0.5933 0.3067 0.2 0.8 2 2.488 0.191169 0.171093 436.509 
0.45 0.45 0.0667 -0.0667 0.5933 0.2867 0.2 0.8 2 4.784 0.0951754 0.173623 463.006 
0.45 0.45 0.0667 -0.0667 0.5933 0.2667 0.2 0.8 2 5.418 0.223149 0.168268 475.115 
0.45 0.45 0.0667 -0.0667 0.5933 0.2467 0.2 0.8 2 11.01 0.86657 0.166587 488.944 
0.45 0.45 0.0667 -0.0667 0.5933 0.2267 0.2 0.8 2 3.466 0.349894 0.170751 438.731 
0.45 0.45 0.0667 -0.0667 0.5933 0.2067 0.2 0.8 2 2.622 0.321333 0.170887 443.679 
0.45 0.45 0.0667 -0.0667 0.5933 0.1867 0.2 0.8 2 2.148 0.156944 0.165882 449.63 
0.45 0.45 0.0667 -0.0667 0.5933 0.1667 0.2 0.8 2 3.436 0.120175 0.163114 466.654 
0.45 0.45 0.0667 -0.0667 0.5733 0.5467 0.2 0.8 2 10.316 0.989563 0.173582 479.348 
0.45 0.45 0.0667 -0.0667 0.5733 0.5267 0.2 0.8 2 15 2.05597 0.85442 495.308 
0.45 0.45 0.0667 -0.0667 0.5733 0.5067 0.2 0.8 2 15 2.19068 0.954266 496.531 
0.45 0.45 0.0667 -0.0667 0.5733 0.4867 0.2 0.8 2 5.456 0 0.169711 456.724 
0.45 0.45 0.0667 -0.0667 0.5733 0.4667 0.2 0.8 2 15 1.98179 0.961747 496.349 
0.45 0.45 0.0667 -0.0667 0.5733 0.4467 0.2 0.8 2 15 1.56723 0.894521 494.794 
0.45 0.45 0.0667 -0.0667 0.5733 0.4267 0.2 0.8 2 1.904 0.123319 0.171547 424.135 
0.45 0.45 0.0667 -0.0667 0.5733 0.4067 0.2 0.8 2 5.078 0 0.17091 444.568 
0.45 0.45 0.0667 -0.0667 0.5733 0.3867 0.2 0.8 2 1.638 0.0600631 0.170193 404.164 
0.45 0.45 0.0667 -0.0667 0.5733 0.3667 0.2 0.8 2 2.018 0.0246608 0.170161 424.831 
0.45 0.45 0.0667 -0.0667 0.5733 0.3467 0.2 0.8 2 2.44 0.0900276 0.173511 419.622 
0.45 0.45 0.0667 -0.0667 0.5733 0.3267 0.2 0.8 2 1.59 0 0.172054 400.559 
0.45 0.45 0.0667 -0.0667 0.5733 0.3067 0.2 0.8 2 1.272 0 0.172995 422.515 
0.45 0.45 0.0667 -0.0667 0.5733 0.2867 0.2 0.8 2 4.004 0.48759 0.167032 450.578 
0.45 0.45 0.0667 -0.0667 0.5733 0.2667 0.2 0.8 2 15 1.18482 0.869221 496.124 
0.45 0.45 0.0667 -0.0667 0.5733 0.2467 0.2 0.8 2 3.224 0.134055 0.169207 453.683 
0.45 0.45 0.0667 -0.0667 0.5733 0.2267 0.2 0.8 2 3.624 0.323521 0.169669 460.229 
0.45 0.45 0.0667 -0.0667 0.5733 0.2067 0.2 0.8 2 15 1.09218 0.899529 495.446 
0.45 0.45 0.0667 -0.0667 0.5733 0.1867 0.2 0.8 2 15 1.13113 0.97111 496.279 
0.45 0.45 0.0667 -0.0667 0.5733 0.1667 0.2 0.8 2 1.898 0.370604 0.173356 418.563 
0.45 0.45 0.0667 -0.0667 0.5533 0.5467 0.2 0.8 2 7.26 0.0065792 0.166518 477.319 
0.45 0.45 0.0667 -0.0667 0.5533 0.5267 0.2 0.8 2 5.966 0 0.167352 465.97 
0.45 0.45 0.0667 -0.0667 0.5533 0.5067 0.2 0.8 2 10.212 0.567374 0.170829 482.695 
0.45 0.45 0.0667 -0.0667 0.5533 0.4867 0.2 0.8 2 3.338 0.306642 0.169843 452.11 
0.45 0.45 0.0667 -0.0667 0.5533 0.4667 0.2 0.8 2 9.038 0.890271 0.168064 484.361 
0.45 0.45 0.0667 -0.0667 0.5533 0.4467 0.2 0.8 2 5.424 0.650756 0.171708 482.219 
0.45 0.45 0.0667 -0.0667 0.5533 0.4267 0.2 0.8 2 1.756 0.0653555 0.16823 453.092 
0.45 0.45 0.0667 -0.0667 0.5533 0.4067 0.2 0.8 2 1.846 0.0845517 0.169929 428.497 
0.45 0.45 0.0667 -0.0667 0.5533 0.3867 0.2 0.8 2 15 1.39285 0.672409 493.243 
0.45 0.45 0.0667 -0.0667 0.5533 0.3667 0.2 0.8 2 2.888 0.440317 0.172367 432.803 
0.45 0.45 0.0667 -0.0667 0.5533 0.3467 0.2 0.8 2 1.256 0.0877139 0.167177 425.676 
0.45 0.45 0.0667 -0.0667 0.5533 0.3267 0.2 0.8 2 1.196 0.0684905 0.173014 424.11 
0.45 0.45 0.0667 -0.0667 0.5533 0.3067 0.2 0.8 2 9.724 0.154636 0.170535 469.779 
0.45 0.45 0.0667 -0.0667 0.5533 0.2867 0.2 0.8 2 4.862 0.243878 0.167402 452.045 
0.45 0.45 0.0667 -0.0667 0.5533 0.2667 0.2 0.8 2 15 1.23741 0.850564 494.339 
0.45 0.45 0.0667 -0.0667 0.5533 0.2467 0.2 0.8 2 4.154 0.232333 0.172437 469.547 
0.45 0.45 0.0667 -0.0667 0.5533 0.2267 0.2 0.8 2 2.706 0.100814 0.172014 461.725 
0.45 0.45 0.0667 -0.0667 0.5533 0.2067 0.2 0.8 2 4.448 0.648808 0.169175 471.772 
0.45 0.45 0.0667 -0.0667 0.5533 0.1867 0.2 0.8 2 2.998 0.517336 0.167317 452.936 
0.45 0.45 0.0667 -0.0667 0.5533 0.1667 0.2 0.8 2 1.938 0.245825 0.172124 413.862 
0.45 0.45 0.0667 -0.0667 0.5333 0.5467 0.2 0.8 2 15 1.15329 0.67335 485.772 
0.45 0.45 0.0667 -0.0667 0.5333 0.5267 0.2 0.8 2 11.732 0 0.171467 472.39 
0.45 0.45 0.0667 -0.0667 0.5333 0.5067 0.2 0.8 2 7.514 0.679839 0.172895 481.632 
0.45 0.45 0.0667 -0.0667 0.5333 0.4867 0.2 0.8 2 6.744 0.385662 0.167429 475.377 
0.45 0.45 0.0667 -0.0667 0.5333 0.4667 0.2 0.8 2 15 1.80459 0.934837 495.707 
0.45 0.45 0.0667 -0.0667 0.5333 0.4467 0.2 0.8 2 4.146 0.11777 0.17024 456.556 
0.45 0.45 0.0667 -0.0667 0.5333 0.4267 0.2 0.8 2 2.328 0.0926325 0.172802 445.157 
0.45 0.45 0.0667 -0.0667 0.5333 0.4067 0.2 0.8 2 3.684 0 0.167868 456.014 
0.45 0.45 0.0667 -0.0667 0.5333 0.3867 0.2 0.8 2 1.63 0.0143945 0.167081 429.149 
0.45 0.45 0.0667 -0.0667 0.5333 0.3667 0.2 0.8 2 1.722 0 0.169281 429.244 
0.45 0.45 0.0667 -0.0667 0.5333 0.3467 0.2 0.8 2 1.284 0.0826824 0.172407 434.042 
0.45 0.45 0.0667 -0.0667 0.5333 0.3267 0.2 0.8 2 1.198 0.0874856 0.170054 425.238 
0.45 0.45 0.0667 -0.0667 0.5333 0.3067 0.2 0.8 2 3.66 0 0.173583 446.981 
0.45 0.45 0.0667 -0.0667 0.5333 0.2867 0.2 0.8 2 3.538 0.445196 0.172193 470.812 
0.45 0.45 0.0667 -0.0667 0.5333 0.2667 0.2 0.8 2 4.164 0.333881 0.170575 465.43 
0.45 0.45 0.0667 -0.0667 0.5333 0.2467 0.2 0.8 2 2.962 0 0.167329 467.486 
0.45 0.45 0.0667 -0.0667 0.5333 0.2267 0.2 0.8 2 15 0.885518 0.77474 493.603 
0.45 0.45 0.0667 -0.0667 0.5333 0.2067 0.2 0.8 2 3.46 0.402003 0.171835 470.297 
0.45 0.45 0.0667 -0.0667 0.5333 0.1867 0.2 0.8 2 1.952 0.268953 0.173404 410.553 
0.45 0.45 0.0667 -0.0667 0.5333 0.1667 0.2 0.8 2 1.548 0.222091 0.170229 450.753 
0.45 0.45 0.0667 -0.0667 0.5133 0.5467 0.2 0.8 2 3.578 0 0.169489 468.916 
0.45 0.45 0.0667 -0.0667 0.5133 0.5267 0.2 0.8 2 9.824 0.989074 0.171889 482.593 
0.45 0.45 0.0667 -0.0667 0.5133 0.5067 0.2 0.8 2 15 1.38125 0.86209 494.466 
0.45 0.45 0.0667 -0.0667 0.5133 0.4867 0.2 0.8 2 3.454 0.240993 0.166556 472.466 
0.45 0.45 0.0667 -0.0667 0.5133 0.4667 0.2 0.8 2 15 1.90723 0.952361 496.002 
0.45 0.45 0.0667 -0.0667 0.5133 0.4467 0.2 0.8 2 15 1.73196 0.882064 494.711 
0.45 0.45 0.0667 -0.0667 0.5133 0.4267 0.2 0.8 2 3.912 0.53539 0.166527 454.293 
0.45 0.45 0.0667 -0.0667 0.5133 0.4067 0.2 0.8 2 3.19 0 0.173505 421.098 
0.45 0.45 0.0667 -0.0667 0.5133 0.3867 0.2 0.8 2 15 1.73003 0.958717 496.024 
0.45 0.45 0.0667 -0.0667 0.5133 0.3667 0.2 0.8 2 4.516 0 0.172587 461.705 
0.45 0.45 0.0667 -0.0667 0.5133 0.3467 0.2 0.8 2 8.904 0.862466 0.169509 484.586 
0.45 0.45 0.0667 -0.0667 0.5133 0.3267 0.2 0.8 2 1.462 0.169895 0.170651 445.926 
0.45 0.45 0.0667 -0.0667 0.5133 0.3067 0.2 0.8 2 4.548 0.35764 0.173404 462.872 
0.45 0.45 0.0667 -0.0667 0.5133 0.2867 0.2 0.8 2 5.556 0.310632 0.172627 462.755 
0.45 0.45 0.0667 -0.0667 0.5133 0.2667 0.2 0.8 2 14.602 0.867267 0.170653 487.034 
0.45 0.45 0.0667 -0.0667 0.5133 0.2467 0.2 0.8 2 2.54 0.336485 0.172786 452.126 
0.45 0.45 0.0667 -0.0667 0.5133 0.2267 0.2 0.8 2 3.448 0.366327 0.169571 467.942 
0.45 0.45 0.0667 -0.0667 0.5133 0.2067 0.2 0.8 2 2.438 0.296748 0.171002 464.746 
0.45 0.45 0.0667 -0.0667 0.5133 0.1867 0.2 0.8 2 1.696 0.380011 0.172827 429.397 
0.45 0.45 0.0667 -0.0667 0.5133 0.1667 0.2 0.8 2 1.458 0.216135 0.167945 447.208 
0.45 0.45 0.0667 -0.0667 0.4933 0.5467 0.2 0.8 2 9.308 0.668854 0.173047 477.655 
0.45 0.45 0.0667 -0.0667 0.4933 0.5267 0.2 0.8 2 7.474 0.752346 0.172459 477.326 
0.45 0.45 0.0667 -0.0667 0.4933 0.5067 0.2 0.8 2 4.67 0.0700887 0.172362 458.397 
0.45 0.45 0.0667 -0.0667 0.4933 0.4867 0.2 0.8 2 14.376 1.60098 0.166469 486.707 
0.45 0.45 0.0667 -0.0667 0.4933 0.4667 0.2 0.8 2 5.012 0.432491 0.17363 474.41 
0.45 0.45 0.0667 -0.0667 0.4933 0.4467 0.2 0.8 2 4.768 0.334625 0.172134 428.937 
0.45 0.45 0.0667 -0.0667 0.4933 0.4267 0.2 0.8 2 10.46 1.29944 0.172002 488.995 
0.45 0.45 0.0667 -0.0667 0.4933 0.4067 0.2 0.8 2 11.484 0.263983 0.169017 482.333 
0.45 0.45 0.0667 -0.0667 0.4933 0.3867 0.2 0.8 2 15 1.64185 0.71897 491.615 
0.45 0.45 0.0667 -0.0667 0.4933 0.3667 0.2 0.8 2 4.524 0.200792 0.170861 453.516 
0.45 0.45 0.0667 -0.0667 0.4933 0.3467 0.2 0.8 2 1.922 0 0.170369 432.925 
0.45 0.45 0.0667 -0.0667 0.4933 0.3267 0.2 0.8 2 1.694 0.160009 0.171685 418.97 
0.45 0.45 0.0667 -0.0667 0.4933 0.3067 0.2 0.8 2 2.198 0 0.167406 458.731 
0.45 0.45 0.0667 -0.0667 0.4933 0.2867 0.2 0.8 2 15 0.31654 0.762594 491.651 
0.45 0.45 0.0667 -0.0667 0.4933 0.2667 0.2 0.8 2 1.894 0 0.165877 445.315 
0.45 0.45 0.0667 -0.0667 0.4933 0.2467 0.2 0.8 2 2.456 0.361632 0.167225 462.707 
0.45 0.45 0.0667 -0.0667 0.4933 0.2267 0.2 0.8 2 2.928 0.377932 0.173154 451.689 
0.45 0.45 0.0667 -0.0667 0.4933 0.2067 0.2 0.8 2 1.782 0.0233955 0.168986 443.098 
0.45 0.45 0.0667 -0.0667 0.4933 0.1867 0.2 0.8 2 2.208 0.271855 0.168506 442.713 
0.45 0.45 0.0667 -0.0667 0.4933 0.1667 0.2 0.8 2 1.716 0.367593 0.171617 431.847 
0.45 0.45 0.0667 -0.0667 0.4733 0.5467 0.2 0.8 2 3.01 0.317576 0.170868 468.62 
0.45 0.45 0.0667 -0.0667 0.4733 0.5267 0.2 0.8 2 13.054 0 0.168972 485.46 
0.45 0.45 0.0667 -0.0667 0.4733 0.5067 0.2 0.8 2 4.504 0.0364726 0.172851 465.042 
0.45 0.45 0.0667 -0.0667 0.4733 0.4867 0.2 0.8 2 11.422 0.946985 0.173066 479.328 
0.45 0.45 0.0667 -0.0667 0.4733 0.4667 0.2 0.8 2 5.374 0 0.164343 466.374 
0.45 0.45 0.0667 -0.0667 0.4733 0.4467 0.2 0.8 2 4.722 0.365106 0.171108 455.408 
0.45 0.45 0.0667 -0.0667 0.4733 0.4267 0.2 0.8 2 3.224 0.199198 0.169681 452.855 
0.45 0.45 0.0667 -0.0667 0.4733 0.4067 0.2 0.8 2 9.306 0 0.16875 475.962 
0.45 0.45 0.0667 -0.0667 0.4733 0.3867 0.2 0.8 2 7.778 0.30007 0.172671 481.354 
0.45 0.45 0.0667 -0.0667 0.4733 0.3667 0.2 0.8 2 4.574 0.433285 0.167114 467.496 
0.45 0.45 0.0667 -0.0667 0.4733 0.3467 0.2 0.8 2 3.814 0.132383 0.171466 456.876 
0.45 0.45 0.0667 -0.0667 0.4733 0.3267 0.2 0.8 2 2.252 0.0995697 0.170981 448.66 
0.45 0.45 0.0667 -0.0667 0.4733 0.3067 0.2 0.8 2 4.992 0.0706319 0.171916 471.211 
0.45 0.45 0.0667 -0.0667 0.4733 0.2867 0.2 0.8 2 3.026 0.0420673 0.169425 455.419 
0.45 0.45 0.0667 -0.0667 0.4733 0.2667 0.2 0.8 2 2.458 0.387299 0.171552 470.438 
0.45 0.45 0.0667 -0.0667 0.4733 0.2467 0.2 0.8 2 13.484 0.505211 0.172519 483.87 
0.45 0.45 0.0667 -0.0667 0.4733 0.2267 0.2 0.8 2 6.436 0 0.17303 449.124 
0.45 0.45 0.0667 -0.0667 0.4733 0.2067 0.2 0.8 2 1.454 0.240635 0.167102 448.591 
0.45 0.45 0.0667 -0.0667 0.4733 0.1867 0.2 0.8 2 1.204 0.216003 0.164119 453.854 
0.45 0.45 0.0667 -0.0667 0.4733 0.1667 0.2 0.8 2 1.728 0.150646 0.167707 427.052 
0.45 0.45 0.0667 -0.0667 0.4533 0.5467 0.2 0.8 2 13.142 1.46802 0.167571 483.705 
0.45 0.45 0.0667 -0.0667 0.4533 0.5267 0.2 0.8 2 4.156 0.647762 0.173496 470.295 
0.45 0.45 0.0667 -0.0667 0.4533 0.5067 0.2 0.8 2 6.43 0.81449 0.171554 482.743 
0.45 0.45 0.0667 -0.0667 0.4533 0.4867 0.2 0.8 2 3.958 0.553533 0.172525 478.718 
0.45 0.45 0.0667 -0.0667 0.4533 0.4667 0.2 0.8 2 1.922 0.325686 0.171835 463.742 
0.45 0.45 0.0667 -0.0667 0.4533 0.4467 0.2 0.8 2 15 1.19572 0.687288 486.223 
0.45 0.45 0.0667 -0.0667 0.4533 0.4267 0.2 0.8 2 3.456 0.457131 0.166581 476.973 
0.45 0.45 0.0667 -0.0667 0.4533 0.4067 0.2 0.8 2 6.224 0.110355 0.171064 478.703 
0.45 0.45 0.0667 -0.0667 0.4533 0.3867 0.2 0.8 2 3.552 0.367766 0.171955 474.642 
0.45 0.45 0.0667 -0.0667 0.4533 0.3667 0.2 0.8 2 4.862 0.507091 0.16718 484.846 
0.45 0.45 0.0667 -0.0667 0.4533 0.3467 0.2 0.8 2 5.17 0 0.16494 455.965 
0.45 0.45 0.0667 -0.0667 0.4533 0.3267 0.2 0.8 2 2.724 0 0.172641 460.244 
0.45 0.45 0.0667 -0.0667 0.4533 0.3067 0.2 0.8 2 3.19 0.479118 0.172139 442.552 
0.45 0.45 0.0667 -0.0667 0.4533 0.2867 0.2 0.8 2 2.508 0.217237 0.172837 459.472 
0.45 0.45 0.0667 -0.0667 0.4533 0.2667 0.2 0.8 2 2.668 0.235908 0.170668 431.721 
0.45 0.45 0.0667 -0.0667 0.4533 0.2467 0.2 0.8 2 3.544 0 0.173476 468.781 
0.45 0.45 0.0667 -0.0667 0.4533 0.2267 0.2 0.8 2 2.74 0.20982 0.16803 458.756 
0.45 0.45 0.0667 -0.0667 0.4533 0.2067 0.2 0.8 2 2.532 0.0306374 0.169982 436.501 
0.45 0.45 0.0667 -0.0667 0.4533 0.1867 0.2 0.8 2 3.988 0.182849 0.170045 465.72 
0.45 0.45 0.0667 -0.0667 0.4533 0.1667 0.2 0.8 2 1.544 0.157273 0.170177 446.138 
0.45 0.45 0.0667 -0.0667 0.4333 0.5467 0.2 0.8 2 15 1.91027 0.835401 493.67 
0.45 0.45 0.0667 -0.0667 0.4333 0.5267 0.2 0.8 2 5.476 0.490318 0.166039 479.206 
0.45 0.45 0.0667 -0.0667 0.4333 0.5067 0.2 0.8 2 8.792 0.50392 0.173262 480.558 
0.45 0.45 0.0667 -0.0667 0.4333 0.4867 0.2 0.8 2 6.102 0.420398 0.164405 484.31 
0.45 0.45 0.0667 -0.0667 0.4333 0.4667 0.2 0.8 2 2.236 0.182886 0.167029 441.882 
0.45 0.45 0.0667 -0.0667 0.4333 0.4467 0.2 0.8 2 2.738 0.444018 0.167852 467.8 
0.45 0.45 0.0667 -0.0667 0.4333 0.4267 0.2 0.8 2 7.566 0 0.169581 480.405 
0.45 0.45 0.0667 -0.0667 0.4333 0.4067 0.2 0.8 2 5.954 0.722796 0.169815 484.455 
0.45 0.45 0.0667 -0.0667 0.4333 0.3867 0.2 0.8 2 2.558 0.0185172 0.171986 462.398 
0.45 0.45 0.0667 -0.0667 0.4333 0.3667 0.2 0.8 2 2.47 0.426133 0.172624 469.181 
0.45 0.45 0.0667 -0.0667 0.4333 0.3467 0.2 0.8 2 12.23 1.04925 0.173479 470.103 
0.45 0.45 0.0667 -0.0667 0.4333 0.3267 0.2 0.8 2 2.054 0.238733 0.1689 457.168 
0.45 0.45 0.0667 -0.0667 0.4333 0.3067 0.2 0.8 2 7.018 0.638761 0.16932 469.448 
0.45 0.45 0.0667 -0.0667 0.4333 0.2867 0.2 0.8 2 2.704 0.257293 0.168157 459.207 
0.45 0.45 0.0667 -0.0667 0.4333 0.2667 0.2 0.8 2 1.738 0.163055 0.166273 428.707 
0.45 0.45 0.0667 -0.0667 0.4333 0.2467 0.2 0.8 2 1.956 0 0.172523 420.867 
0.45 0.45 0.0667 -0.0667 0.4333 0.2267 0.2 0.8 2 1.57 0.242193 0.172221 447.323 
0.45 0.45 0.0667 -0.0667 0.4333 0.2067 0.2 0.8 2 5.48 0.296313 0.173082 458.252 
0.45 0.45 0.0667 -0.0667 0.4333 0.1867 0.2 0.8 2 2.49 0.268074 0.172155 443.396 
0.45 0.45 0.0667 -0.0667 0.4333 0.1667 0.2 0.8 2 5.008 0.445578 0.171411 461.228 
