d_amplitudeForeHip d_amplitudeHindHip d_offsetForeHip d_offsetHindHip d_amplitudeForeKnee d_amplitudeHindKnee d_offsetKnee d_kneePhaseLag d_frequency d_duration distance angle stability
0.5 0.5 0.0667 -0.0667 0.8133 0.5467 0.2 0.8 2 9.464 0.059503 0.168274 480.614 
0.5 0.5 0.0667 -0.0667 0.8133 0.5267 0.2 0.8 2 9.794 0 0.17225 326.651 
0.5 0.5 0.0667 -0.0667 0.8133 0.5067 0.2 0.8 2 1.824 0.142128 0.171515 412.174 
0.5 0.5 0.0667 -0.0667 0.8133 0.4867 0.2 0.8 2 7.578 0 0.170836 467.886 
0.5 0.5 0.0667 -0.0667 0.8133 0.4667 0.2 0.8 2 3.682 0 0.173287 457.313 
0.5 0.5 0.0667 -0.0667 0.8133 0.4467 0.2 0.8 2 8.876 0.0416869 0.170571 476.571 
0.5 0.5 0.0667 -0.0667 0.8133 0.4267 0.2 0.8 2 7.448 0.0990153 0.171598 468.898 
0.5 0.5 0.0667 -0.0667 0.8133 0.4067 0.2 0.8 2 15 2.65499 0.890715 498.156 
0.5 0.5 0.0667 -0.0667 0.8133 0.3867 0.2 0.8 2 2.478 0.0691477 0.168765 456.305 
0.5 0.5 0.0667 -0.0667 0.8133 0.3667 0.2 0.8 2 4.972 0.132565 0.170359 463.581 
0.5 0.5 0.0667 -0.0667 0.8133 0.3467 0.2 0.8 2 2.13 0 0.17265 442.012 
0.5 0.5 0.0667 -0.0667 0.8133 0.3267 0.2 0.8 2 1.496 0.0603174 0.173561 445.567 
0.5 0.5 0.0667 -0.0667 0.8133 0.3067 0.2 0.8 2 15 2.135 0.890227 497.48 
0.5 0.5 0.0667 -0.0667 0.8133 0.2867 0.2 0.8 2 2.132 0.188198 0.173558 440.817 
0.5 0.5 0.0667 -0.0667 0.8133 0.2667 0.2 0.8 2 1.52 0.0251502 0.170592 441.863 
0.5 0.5 0.0667 -0.0667 0.8133 0.2467 0.2 0.8 2 2.462 0.169121 0.172376 453.013 
0.5 0.5 0.0667 -0.0667 0.8133 0.2267 0.2 0.8 2 1.19 0.0541265 0.17144 430.707 
0.5 0.5 0.0667 -0.0667 0.8133 0.2067 0.2 0.8 2 3.07 0 0.168864 439.553 
0.5 0.5 0.0667 -0.0667 0.8133 0.1867 0.2 0.8 2 1.564 0.0989848 0.172498 445.473 
0.5 0.5 0.0667 -0.0667 0.8133 0.1667 0.2 0.8 2 9.048 0 0.1726 327.392 
0.5 0.5 0.0667 -0.0667 0.7933 0.5467 0.2 0.8 2 13.824 0 0.168884 483.61 
0.5 0.5 0.0667 -0.0667 0.7933 0.5267 0.2 0.8 2 1.526 0.111033 0.166739 434.27 
0.5 0.5 0.0667 -0.0667 0.7933 0.5067 0.2 0.8 2 7.596 0 0.170557 473.675 
0.5 0.5 0.0667 -0.0667 0.7933 0.4867 0.2 0.8 2 11.366 0.166291 0.173137 473.077 
0.5 0.5 0.0667 -0.0667 0.7933 0.4667 0.2 0.8 2 6.698 0 0.173074 471.984 
0.5 0.5 0.0667 -0.0667 0.7933 0.4467 0.2 0.8 2 8.95 0.570328 0.170158 484.081 
0.5 0.5 0.0667 -0.0667 0.7933 0.4267 0.2 0.8 2 15 2.77333 0.898975 497.149 
0.5 0.5 0.0667 -0.0667 0.7933 0.4067 0.2 0.8 2 9.772 0 0.172309 478.46 
0.5 0.5 0.0667 -0.0667 0.7933 0.3867 0.2 0.8 2 15 2.50668 0.892844 497.626 
0.5 0.5 0.0667 -0.0667 0.7933 0.3667 0.2 0.8 2 15 2.31315 0.826091 495.605 
0.5 0.5 0.0667 -0.0667 0.7933 0.3467 0.2 0.8 2 2.524 0.104263 0.167468 461.232 
0.5 0.5 0.0667 -0.0667 0.7933 0.3267 0.2 0.8 2 15 2.17608 0.890284 497.547 
0.5 0.5 0.0667 -0.0667 0.7933 0.3067 0.2 0.8 2 5.61 0.340845 0.170594 467.649 
0.5 0.5 0.0667 -0.0667 0.7933 0.2867 0.2 0.8 2 15 1.91507 0.890818 495.887 
0.5 0.5 0.0667 -0.0667 0.7933 0.2667 0.2 0.8 2 15 1.82877 0.889042 497.034 
0.5 0.5 0.0667 -0.0667 0.7933 0.2467 0.2 0.8 2 5.002 0.169245 0.171526 463.553 
0.5 0.5 0.0667 -0.0667 0.7933 0.2267 0.2 0.8 2 2.986 0 0.169341 464.92 
0.5 0.5 0.0667 -0.0667 0.7933 0.2067 0.2 0.8 2 4.502 0.736867 0.170558 458.31 
0.5 0.5 0.0667 -0.0667 0.7933 0.1867 0.2 0.8 2 2.232 0.184227 0.172674 440.443 
0.5 0.5 0.0667 -0.0667 0.7933 0.1667 0.2 0.8 2 1.97 0.124845 0.17265 444.27 
0.5 0.5 0.0667 -0.0667 0.7733 0.5467 0.2 0.8 2 1.948 0.188216 0.166588 427.964 
0.5 0.5 0.0667 -0.0667 0.7733 0.5267 0.2 0.8 2 1.526 0.145414 0.170146 441.322 
0.5 0.5 0.0667 -0.0667 0.7733 0.5067 0.2 0.8 2 1.478 0.161717 0.16763 445.189 
0.5 0.5 0.0667 -0.0667 0.7733 0.4867 0.2 0.8 2 11.824 0.857498 0.169066 470.812 
0.5 0.5 0.0667 -0.0667 0.7733 0.4667 0.2 0.8 2 3.034 0.22021 0.173322 461.443 
0.5 0.5 0.0667 -0.0667 0.7733 0.4467 0.2 0.8 2 1.588 0.141336 0.172807 436.79 
0.5 0.5 0.0667 -0.0667 0.7733 0.4267 0.2 0.8 2 2.796 0 0.16638 450.978 
0.5 0.5 0.0667 -0.0667 0.7733 0.4067 0.2 0.8 2 1.462 0.120794 0.170814 443.227 
0.5 0.5 0.0667 -0.0667 0.7733 0.3867 0.2 0.8 2 2 0.0436945 0.172441 389.902 
0.5 0.5 0.0667 -0.0667 0.7733 0.3667 0.2 0.8 2 3.442 0.0324902 0.168444 470.307 
0.5 0.5 0.0667 -0.0667 0.7733 0.3467 0.2 0.8 2 2.58 0.217407 0.173265 423.25 
0.5 0.5 0.0667 -0.0667 0.7733 0.3267 0.2 0.8 2 1.952 0.137986 0.170828 447.901 
0.5 0.5 0.0667 -0.0667 0.7733 0.3067 0.2 0.8 2 4.622 0 0.173291 453.551 
0.5 0.5 0.0667 -0.0667 0.7733 0.2867 0.2 0.8 2 2.512 0.120291 0.171755 456.624 
0.5 0.5 0.0667 -0.0667 0.7733 0.2667 0.2 0.8 2 1.3 0 0.170267 424.249 
0.5 0.5 0.0667 -0.0667 0.7733 0.2467 0.2 0.8 2 1.784 0 0.168857 427.714 
0.5 0.5 0.0667 -0.0667 0.7733 0.2267 0.2 0.8 2 2.268 0.0431461 0.1706 446.759 
0.5 0.5 0.0667 -0.0667 0.7733 0.2067 0.2 0.8 2 3.696 0.14534 0.171288 449.795 
0.5 0.5 0.0667 -0.0667 0.7733 0.1867 0.2 0.8 2 2.036 0.0355556 0.167449 421.199 
0.5 0.5 0.0667 -0.0667 0.7733 0.1667 0.2 0.8 2 6.876 0 0.172865 478.975 
0.5 0.5 0.0667 -0.0667 0.7533 0.5467 0.2 0.8 2 2.076 0.193688 0.165377 428.96 
0.5 0.5 0.0667 -0.0667 0.7533 0.5267 0.2 0.8 2 3.46 0.0976643 0.168828 464.516 
0.5 0.5 0.0667 -0.0667 0.7533 0.5067 0.2 0.8 2 1.462 0.16491 0.170062 440.341 
0.5 0.5 0.0667 -0.0667 0.7533 0.4867 0.2 0.8 2 9.6 0 0.173074 471.328 
0.5 0.5 0.0667 -0.0667 0.7533 0.4667 0.2 0.8 2 8.318 0 0.172934 278.476 
0.5 0.5 0.0667 -0.0667 0.7533 0.4467 0.2 0.8 2 5.954 0 0.173048 470.301 
0.5 0.5 0.0667 -0.0667 0.7533 0.4267 0.2 0.8 2 1.996 0.00645834 0.173137 409.9 
0.5 0.5 0.0667 -0.0667 0.7533 0.4067 0.2 0.8 2 2.46 0.115361 0.171119 461.796 
0.5 0.5 0.0667 -0.0667 0.7533 0.3867 0.2 0.8 2 4.55 0.374153 0.171258 453.858 
0.5 0.5 0.0667 -0.0667 0.7533 0.3667 0.2 0.8 2 3.626 0 0.172538 458.12 
0.5 0.5 0.0667 -0.0667 0.7533 0.3467 0.2 0.8 2 4.1 0 0.173422 461.77 
0.5 0.5 0.0667 -0.0667 0.7533 0.3267 0.2 0.8 2 1.516 0.134773 0.17228 442.954 
0.5 0.5 0.0667 -0.0667 0.7533 0.3067 0.2 0.8 2 2.4 0.0216273 0.172439 467.392 
0.5 0.5 0.0667 -0.0667 0.7533 0.2867 0.2 0.8 2 1.888 0.27002 0.171121 447.533 
0.5 0.5 0.0667 -0.0667 0.7533 0.2667 0.2 0.8 2 2.954 0.20146 0.171039 463.314 
0.5 0.5 0.0667 -0.0667 0.7533 0.2467 0.2 0.8 2 3.258 0.0230177 0.167708 451.573 
0.5 0.5 0.0667 -0.0667 0.7533 0.2267 0.2 0.8 2 3.564 0.18632 0.165459 467.716 
0.5 0.5 0.0667 -0.0667 0.7533 0.2067 0.2 0.8 2 10.142 0.0193544 0.172728 479.958 
0.5 0.5 0.0667 -0.0667 0.7533 0.1867 0.2 0.8 2 4.446 0 0.170826 454.354 
0.5 0.5 0.0667 -0.0667 0.7533 0.1667 0.2 0.8 2 10.538 0.525595 0.168183 488.507 
0.5 0.5 0.0667 -0.0667 0.7333 0.5467 0.2 0.8 2 15 0.306618 0.699519 480.178 
0.5 0.5 0.0667 -0.0667 0.7333 0.5267 0.2 0.8 2 1.22 0.0656729 0.1687 420.017 
0.5 0.5 0.0667 -0.0667 0.7333 0.5067 0.2 0.8 2 1.324 0.0276852 0.173479 430.112 
0.5 0.5 0.0667 -0.0667 0.7333 0.4867 0.2 0.8 2 1.582 0.00304952 0.170253 427.408 
0.5 0.5 0.0667 -0.0667 0.7333 0.4667 0.2 0.8 2 2.818 0 0.161217 449.177 
0.5 0.5 0.0667 -0.0667 0.7333 0.4467 0.2 0.8 2 1.906 0.127692 0.173372 407.103 
0.5 0.5 0.0667 -0.0667 0.7333 0.4267 0.2 0.8 2 1.546 0.109567 0.170333 438.49 
0.5 0.5 0.0667 -0.0667 0.7333 0.4067 0.2 0.8 2 12.056 0 0.171082 242.305 
0.5 0.5 0.0667 -0.0667 0.7333 0.3867 0.2 0.8 2 2.31 0 0.163409 464.326 
0.5 0.5 0.0667 -0.0667 0.7333 0.3667 0.2 0.8 2 2.46 0.224617 0.172714 458.235 
0.5 0.5 0.0667 -0.0667 0.7333 0.3467 0.2 0.8 2 1.522 0 0.161369 425.665 
0.5 0.5 0.0667 -0.0667 0.7333 0.3267 0.2 0.8 2 1.978 0 0.172228 436.359 
0.5 0.5 0.0667 -0.0667 0.7333 0.3067 0.2 0.8 2 15 1.92174 0.909943 497.037 
0.5 0.5 0.0667 -0.0667 0.7333 0.2867 0.2 0.8 2 15 1.51902 0.708128 490.648 
0.5 0.5 0.0667 -0.0667 0.7333 0.2667 0.2 0.8 2 15 1.31083 0.900485 496.123 
0.5 0.5 0.0667 -0.0667 0.7333 0.2467 0.2 0.8 2 2.302 0.121281 0.167546 434.724 
0.5 0.5 0.0667 -0.0667 0.7333 0.2267 0.2 0.8 2 2.344 0.340139 0.172253 435.261 
0.5 0.5 0.0667 -0.0667 0.7333 0.2067 0.2 0.8 2 1.96 0.340802 0.171358 445.44 
0.5 0.5 0.0667 -0.0667 0.7333 0.1867 0.2 0.8 2 2.094 0.305613 0.169872 446.742 
0.5 0.5 0.0667 -0.0667 0.7333 0.1667 0.2 0.8 2 4.018 0.201131 0.171226 478.424 
0.5 0.5 0.0667 -0.0667 0.7133 0.5467 0.2 0.8 2 3.136 0.194824 0.170998 442.495 
0.5 0.5 0.0667 -0.0667 0.7133 0.5267 0.2 0.8 2 1.874 0.0130025 0.165855 440.98 
0.5 0.5 0.0667 -0.0667 0.7133 0.5067 0.2 0.8 2 1.234 0.082987 0.172253 431.199 
0.5 0.5 0.0667 -0.0667 0.7133 0.4867 0.2 0.8 2 1.252 0.0771073 0.16801 427.838 
0.5 0.5 0.0667 -0.0667 0.7133 0.4667 0.2 0.8 2 3.984 0 0.168717 451.969 
0.5 0.5 0.0667 -0.0667 0.7133 0.4467 0.2 0.8 2 1.224 0 0.168988 412.054 
0.5 0.5 0.0667 -0.0667 0.7133 0.4267 0.2 0.8 2 1.208 0 0.171541 414.674 
0.5 0.5 0.0667 -0.0667 0.7133 0.4067 0.2 0.8 2 1.964 0 0.173159 425.202 
0.5 0.5 0.0667 -0.0667 0.7133 0.3867 0.2 0.8 2 2.012 0.103646 0.173109 403.552 
0.5 0.5 0.0667 -0.0667 0.7133 0.3667 0.2 0.8 2 1.496 0.153639 0.168401 441.264 
0.5 0.5 0.0667 -0.0667 0.7133 0.3467 0.2 0.8 2 15 1.53333 0.8439 494.767 
0.5 0.5 0.0667 -0.0667 0.7133 0.3267 0.2 0.8 2 15 1.87237 0.867334 496.758 
0.5 0.5 0.0667 -0.0667 0.7133 0.3067 0.2 0.8 2 15 0.974238 0.708958 489.938 
0.5 0.5 0.0667 -0.0667 0.7133 0.2867 0.2 0.8 2 1.824 0.0314732 0.1717 427.391 
0.5 0.5 0.0667 -0.0667 0.7133 0.2667 0.2 0.8 2 2.476 0.239025 0.172496 459.696 
0.5 0.5 0.0667 -0.0667 0.7133 0.2467 0.2 0.8 2 5.358 0.55273 0.170459 484.941 
0.5 0.5 0.0667 -0.0667 0.7133 0.2267 0.2 0.8 2 1.762 0 0.168873 442.171 
0.5 0.5 0.0667 -0.0667 0.7133 0.2067 0.2 0.8 2 2.354 0 0.171315 433.39 
0.5 0.5 0.0667 -0.0667 0.7133 0.1867 0.2 0.8 2 2.192 0.044467 0.173002 443.798 
0.5 0.5 0.0667 -0.0667 0.7133 0.1667 0.2 0.8 2 1.36 0.24335 0.164959 463.208 
0.5 0.5 0.0667 -0.0667 0.6933 0.5467 0.2 0.8 2 2.822 0.158117 0.172818 459.788 
0.5 0.5 0.0667 -0.0667 0.6933 0.5267 0.2 0.8 2 9.378 0 0.172994 300.517 
0.5 0.5 0.0667 -0.0667 0.6933 0.5067 0.2 0.8 2 7.232 0.617743 0.170486 466.155 
0.5 0.5 0.0667 -0.0667 0.6933 0.4867 0.2 0.8 2 4.974 0.235501 0.168788 459.978 
0.5 0.5 0.0667 -0.0667 0.6933 0.4667 0.2 0.8 2 3.372 0.208818 0.173039 476.866 
0.5 0.5 0.0667 -0.0667 0.6933 0.4467 0.2 0.8 2 1.314 0.12932 0.171345 420.914 
0.5 0.5 0.0667 -0.0667 0.6933 0.4267 0.2 0.8 2 1.234 0.0948048 0.168254 423.491 
0.5 0.5 0.0667 -0.0667 0.6933 0.4067 0.2 0.8 2 1.226 0.00083927 0.168434 418.666 
0.5 0.5 0.0667 -0.0667 0.6933 0.3867 0.2 0.8 2 4.328 0.608151 0.17196 447.305 
0.5 0.5 0.0667 -0.0667 0.6933 0.3667 0.2 0.8 2 1.988 0 0.164131 432.263 
0.5 0.5 0.0667 -0.0667 0.6933 0.3467 0.2 0.8 2 1.506 0 0.170014 424.52 
0.5 0.5 0.0667 -0.0667 0.6933 0.3267 0.2 0.8 2 2.252 0 0.165621 452.437 
0.5 0.5 0.0667 -0.0667 0.6933 0.3067 0.2 0.8 2 3.854 0.0846692 0.166395 473.371 
0.5 0.5 0.0667 -0.0667 0.6933 0.2867 0.2 0.8 2 4.614 0 0.172939 452.872 
0.5 0.5 0.0667 -0.0667 0.6933 0.2667 0.2 0.8 2 2.96 0.274664 0.170309 458.067 
0.5 0.5 0.0667 -0.0667 0.6933 0.2467 0.2 0.8 2 7.486 0.0194935 0.167721 478.253 
0.5 0.5 0.0667 -0.0667 0.6933 0.2267 0.2 0.8 2 8.5 0.00474402 0.171795 474.85 
0.5 0.5 0.0667 -0.0667 0.6933 0.2067 0.2 0.8 2 15 0.785588 0.819313 494.691 
0.5 0.5 0.0667 -0.0667 0.6933 0.1867 0.2 0.8 2 2.496 0.103571 0.170103 468.083 
0.5 0.5 0.0667 -0.0667 0.6933 0.1667 0.2 0.8 2 1.448 0.149821 0.168279 453.065 
0.5 0.5 0.0667 -0.0667 0.6733 0.5467 0.2 0.8 2 2.492 0.134887 0.168267 462.727 
0.5 0.5 0.0667 -0.0667 0.6733 0.5267 0.2 0.8 2 2.906 0 0.170842 457.502 
0.5 0.5 0.0667 -0.0667 0.6733 0.5067 0.2 0.8 2 9 0 0.172637 469.672 
0.5 0.5 0.0667 -0.0667 0.6733 0.4867 0.2 0.8 2 4.334 0.306272 0.163495 474.874 
0.5 0.5 0.0667 -0.0667 0.6733 0.4667 0.2 0.8 2 15 2.57232 0.884132 497.413 
0.5 0.5 0.0667 -0.0667 0.6733 0.4467 0.2 0.8 2 3.794 0.575399 0.170439 450.781 
0.5 0.5 0.0667 -0.0667 0.6733 0.4267 0.2 0.8 2 15 1.85873 0.797673 495.917 
0.5 0.5 0.0667 -0.0667 0.6733 0.4067 0.2 0.8 2 1.258 0.111639 0.172034 426.486 
0.5 0.5 0.0667 -0.0667 0.6733 0.3867 0.2 0.8 2 1.244 0.0737572 0.172777 433.528 
0.5 0.5 0.0667 -0.0667 0.6733 0.3667 0.2 0.8 2 1.724 0 0.169596 420.109 
0.5 0.5 0.0667 -0.0667 0.6733 0.3467 0.2 0.8 2 1.346 0 0.158921 453.433 
0.5 0.5 0.0667 -0.0667 0.6733 0.3267 0.2 0.8 2 15 1.63807 0.867888 496.099 
0.5 0.5 0.0667 -0.0667 0.6733 0.3067 0.2 0.8 2 1.776 0 0.17066 454.817 
0.5 0.5 0.0667 -0.0667 0.6733 0.2867 0.2 0.8 2 3.224 0 0.172877 438.524 
0.5 0.5 0.0667 -0.0667 0.6733 0.2667 0.2 0.8 2 1.938 0.177946 0.170748 454.74 
0.5 0.5 0.0667 -0.0667 0.6733 0.2467 0.2 0.8 2 9.448 0.952277 0.170566 487.505 
0.5 0.5 0.0667 -0.0667 0.6733 0.2267 0.2 0.8 2 4.45 0.06935 0.171375 467.573 
0.5 0.5 0.0667 -0.0667 0.6733 0.2067 0.2 0.8 2 4.81 0 0.170479 470.857 
0.5 0.5 0.0667 -0.0667 0.6733 0.1867 0.2 0.8 2 3.99 0.215243 0.168244 479.5 
0.5 0.5 0.0667 -0.0667 0.6733 0.1667 0.2 0.8 2 1.45 0.188392 0.164727 455.899 
0.5 0.5 0.0667 -0.0667 0.6533 0.5467 0.2 0.8 2 8.582 0 0.171219 463.533 
0.5 0.5 0.0667 -0.0667 0.6533 0.5267 0.2 0.8 2 15 0.748943 0.76046 484.595 
0.5 0.5 0.0667 -0.0667 0.6533 0.5067 0.2 0.8 2 2.368 0.225531 0.168214 472.768 
0.5 0.5 0.0667 -0.0667 0.6533 0.4867 0.2 0.8 2 7.954 0.398793 0.169879 466.453 
0.5 0.5 0.0667 -0.0667 0.6533 0.4667 0.2 0.8 2 2.786 0.076938 0.171959 452.815 
0.5 0.5 0.0667 -0.0667 0.6533 0.4467 0.2 0.8 2 15 2.53267 0.857654 496.343 
0.5 0.5 0.0667 -0.0667 0.6533 0.4267 0.2 0.8 2 2.662 0.141745 0.165513 464.578 
0.5 0.5 0.0667 -0.0667 0.6533 0.4067 0.2 0.8 2 7.346 0.133073 0.168457 471.598 
0.5 0.5 0.0667 -0.0667 0.6533 0.3867 0.2 0.8 2 1.708 0.00245541 0.162066 449.386 
0.5 0.5 0.0667 -0.0667 0.6533 0.3667 0.2 0.8 2 1.262 0 0.171361 432.165 
0.5 0.5 0.0667 -0.0667 0.6533 0.3467 0.2 0.8 2 4.726 0 0.171355 452.455 
0.5 0.5 0.0667 -0.0667 0.6533 0.3267 0.2 0.8 2 15 0 0.18599 223.696 
0.5 0.5 0.0667 -0.0667 0.6533 0.3067 0.2 0.8 2 1.726 0.000446664 0.16673 451.709 
0.5 0.5 0.0667 -0.0667 0.6533 0.2867 0.2 0.8 2 15 1.2235 0.879583 495.715 
0.5 0.5 0.0667 -0.0667 0.6533 0.2667 0.2 0.8 2 2.286 0.273181 0.17113 433.458 
0.5 0.5 0.0667 -0.0667 0.6533 0.2467 0.2 0.8 2 3.514 0.366734 0.171001 455.725 
0.5 0.5 0.0667 -0.0667 0.6533 0.2267 0.2 0.8 2 1.372 0.051877 0.16991 455.157 
0.5 0.5 0.0667 -0.0667 0.6533 0.2067 0.2 0.8 2 5.11 0.449854 0.173227 472.435 
0.5 0.5 0.0667 -0.0667 0.6533 0.1867 0.2 0.8 2 1.454 0.119124 0.1722 449.761 
0.5 0.5 0.0667 -0.0667 0.6533 0.1667 0.2 0.8 2 1.84 0.291435 0.172786 424.694 
0.5 0.5 0.0667 -0.0667 0.6333 0.5467 0.2 0.8 2 15 2.64703 0.861113 496.636 
0.5 0.5 0.0667 -0.0667 0.6333 0.5267 0.2 0.8 2 10.554 0.614783 0.16929 484.848 
0.5 0.5 0.0667 -0.0667 0.6333 0.5067 0.2 0.8 2 5.394 0.936692 0.171178 485.647 
0.5 0.5 0.0667 -0.0667 0.6333 0.4867 0.2 0.8 2 4.428 0.130921 0.172748 461.076 
0.5 0.5 0.0667 -0.0667 0.6333 0.4667 0.2 0.8 2 3.72 0.372245 0.169289 451.812 
0.5 0.5 0.0667 -0.0667 0.6333 0.4467 0.2 0.8 2 1.442 0 0.171146 444.31 
0.5 0.5 0.0667 -0.0667 0.6333 0.4267 0.2 0.8 2 1.444 0 0.173547 445.858 
0.5 0.5 0.0667 -0.0667 0.6333 0.4067 0.2 0.8 2 1.522 0 0.16957 433.527 
0.5 0.5 0.0667 -0.0667 0.6333 0.3867 0.2 0.8 2 2.188 0.064292 0.170367 445.955 
0.5 0.5 0.0667 -0.0667 0.6333 0.3667 0.2 0.8 2 15 1.11373 0.863834 494.66 
0.5 0.5 0.0667 -0.0667 0.6333 0.3467 0.2 0.8 2 1.81 0.0496228 0.166581 434.667 
0.5 0.5 0.0667 -0.0667 0.6333 0.3267 0.2 0.8 2 5.994 0.228023 0.173591 480.784 
0.5 0.5 0.0667 -0.0667 0.6333 0.3067 0.2 0.8 2 1.86 0.279626 0.1718 452.829 
0.5 0.5 0.0667 -0.0667 0.6333 0.2867 0.2 0.8 2 5.094 0.019094 0.170422 449.682 
0.5 0.5 0.0667 -0.0667 0.6333 0.2667 0.2 0.8 2 2.606 0.218817 0.172584 444.424 
0.5 0.5 0.0667 -0.0667 0.6333 0.2467 0.2 0.8 2 1.586 0.0826731 0.170386 430.472 
0.5 0.5 0.0667 -0.0667 0.6333 0.2267 0.2 0.8 2 2.83 0.329639 0.16987 459.316 
0.5 0.5 0.0667 -0.0667 0.6333 0.2067 0.2 0.8 2 1.452 0.232755 0.167644 451.842 
0.5 0.5 0.0667 -0.0667 0.6333 0.1867 0.2 0.8 2 1.514 0.108546 0.171304 444.213 
0.5 0.5 0.0667 -0.0667 0.6333 0.1667 0.2 0.8 2 1.566 0.153648 0.17172 448.854 
0.5 0.5 0.0667 -0.0667 0.6133 0.5467 0.2 0.8 2 7.088 1.04232 0.167892 482.255 
0.5 0.5 0.0667 -0.0667 0.6133 0.5267 0.2 0.8 2 8.624 1.42724 0.170185 486.203 
0.5 0.5 0.0667 -0.0667 0.6133 0.5067 0.2 0.8 2 15 3.13195 0.972536 497.826 
0.5 0.5 0.0667 -0.0667 0.6133 0.4867 0.2 0.8 2 9.316 0 0.172139 480.143 
0.5 0.5 0.0667 -0.0667 0.6133 0.4667 0.2 0.8 2 2.318 0.159883 0.166398 476.591 
0.5 0.5 0.0667 -0.0667 0.6133 0.4467 0.2 0.8 2 15 1.95128 0.69501 493.578 
0.5 0.5 0.0667 -0.0667 0.6133 0.4267 0.2 0.8 2 1.344 0.148217 0.162191 461.809 
0.5 0.5 0.0667 -0.0667 0.6133 0.4067 0.2 0.8 2 1.422 0 0.172261 446.564 
0.5 0.5 0.0667 -0.0667 0.6133 0.3867 0.2 0.8 2 1.338 0.0866832 0.162704 461.015 
0.5 0.5 0.0667 -0.0667 0.6133 0.3667 0.2 0.8 2 2.456 0.378455 0.173177 465.651 
0.5 0.5 0.0667 -0.0667 0.6133 0.3467 0.2 0.8 2 1.718 0.000128209 0.173275 446.982 
0.5 0.5 0.0667 -0.0667 0.6133 0.3267 0.2 0.8 2 2.206 0.035457 0.166212 447.35 
0.5 0.5 0.0667 -0.0667 0.6133 0.3067 0.2 0.8 2 1.972 0.0486591 0.167265 436.35 
0.5 0.5 0.0667 -0.0667 0.6133 0.2867 0.2 0.8 2 1.458 0.0503985 0.165797 440.075 
0.5 0.5 0.0667 -0.0667 0.6133 0.2667 0.2 0.8 2 2.232 0.165764 0.166665 453.519 
0.5 0.5 0.0667 -0.0667 0.6133 0.2467 0.2 0.8 2 2.324 0 0.171278 442.065 
0.5 0.5 0.0667 -0.0667 0.6133 0.2267 0.2 0.8 2 2.526 0.0714354 0.170152 463.615 
0.5 0.5 0.0667 -0.0667 0.6133 0.2067 0.2 0.8 2 1.552 0.129749 0.173612 439.08 
0.5 0.5 0.0667 -0.0667 0.6133 0.1867 0.2 0.8 2 1.328 0.12578 0.165996 463.179 
0.5 0.5 0.0667 -0.0667 0.6133 0.1667 0.2 0.8 2 1.482 0.189903 0.168345 453.881 
0.5 0.5 0.0667 -0.0667 0.5933 0.5467 0.2 0.8 2 13.476 0.113116 0.172028 487.654 
0.5 0.5 0.0667 -0.0667 0.5933 0.5267 0.2 0.8 2 4.522 0.648668 0.171863 481.116 
0.5 0.5 0.0667 -0.0667 0.5933 0.5067 0.2 0.8 2 15 2.85823 0.9674 497.228 
0.5 0.5 0.0667 -0.0667 0.5933 0.4867 0.2 0.8 2 5.256 0.549982 0.171298 477.833 
0.5 0.5 0.0667 -0.0667 0.5933 0.4667 0.2 0.8 2 15 2.76203 0.970782 497.393 
0.5 0.5 0.0667 -0.0667 0.5933 0.4467 0.2 0.8 2 1.362 0.240954 0.172503 461.28 
0.5 0.5 0.0667 -0.0667 0.5933 0.4267 0.2 0.8 2 1.742 0.259336 0.173606 420.91 
0.5 0.5 0.0667 -0.0667 0.5933 0.4067 0.2 0.8 2 1.732 0.381045 0.168002 424.61 
0.5 0.5 0.0667 -0.0667 0.5933 0.3867 0.2 0.8 2 2.868 0.0286157 0.166362 453.873 
0.5 0.5 0.0667 -0.0667 0.5933 0.3667 0.2 0.8 2 3.43 0.0766393 0.166646 475.053 
0.5 0.5 0.0667 -0.0667 0.5933 0.3467 0.2 0.8 2 4.222 0.0512012 0.171396 465.513 
0.5 0.5 0.0667 -0.0667 0.5933 0.3267 0.2 0.8 2 2.932 0.33737 0.173624 460.473 
0.5 0.5 0.0667 -0.0667 0.5933 0.3067 0.2 0.8 2 15 1.45571 0.900252 495.292 
0.5 0.5 0.0667 -0.0667 0.5933 0.2867 0.2 0.8 2 5.256 0.485101 0.17004 462.214 
0.5 0.5 0.0667 -0.0667 0.5933 0.2667 0.2 0.8 2 4.494 0.277991 0.169427 460.895 
0.5 0.5 0.0667 -0.0667 0.5933 0.2467 0.2 0.8 2 1.48 0.0794919 0.17361 450.317 
0.5 0.5 0.0667 -0.0667 0.5933 0.2267 0.2 0.8 2 3.004 0 0.171684 445.744 
0.5 0.5 0.0667 -0.0667 0.5933 0.2067 0.2 0.8 2 1.488 0 0.1719 445.485 
0.5 0.5 0.0667 -0.0667 0.5933 0.1867 0.2 0.8 2 1.53 0.383031 0.171231 443.052 
0.5 0.5 0.0667 -0.0667 0.5933 0.1667 0.2 0.8 2 1.474 0.132478 0.171988 453.444 
0.5 0.5 0.0667 -0.0667 0.5733 0.5467 0.2 0.8 2 3.688 0.111126 0.165752 463.702 
0.5 0.5 0.0667 -0.0667 0.5733 0.5267 0.2 0.8 2 8.328 0.805419 0.169712 479.908 
0.5 0.5 0.0667 -0.0667 0.5733 0.5067 0.2 0.8 2 15 2.56602 0.890568 495.824 
0.5 0.5 0.0667 -0.0667 0.5733 0.4867 0.2 0.8 2 15 2.59683 0.960572 496.746 
0.5 0.5 0.0667 -0.0667 0.5733 0.4667 0.2 0.8 2 4.992 0.181172 0.16422 475.461 
0.5 0.5 0.0667 -0.0667 0.5733 0.4467 0.2 0.8 2 15 1.2057 0.81708 493.786 
0.5 0.5 0.0667 -0.0667 0.5733 0.4267 0.2 0.8 2 4.05 0.0566157 0.169263 470.332 
0.5 0.5 0.0667 -0.0667 0.5733 0.4067 0.2 0.8 2 1.89 0.176083 0.173486 466.39 
0.5 0.5 0.0667 -0.0667 0.5733 0.3867 0.2 0.8 2 14.366 1.56125 0.169299 490.48 
0.5 0.5 0.0667 -0.0667 0.5733 0.3667 0.2 0.8 2 8.152 0.782912 0.172737 477.412 
0.5 0.5 0.0667 -0.0667 0.5733 0.3467 0.2 0.8 2 3.298 0 0.166201 466.53 
0.5 0.5 0.0667 -0.0667 0.5733 0.3267 0.2 0.8 2 5.446 0.662901 0.16861 482.717 
0.5 0.5 0.0667 -0.0667 0.5733 0.3067 0.2 0.8 2 2.704 0 0.169887 452.342 
0.5 0.5 0.0667 -0.0667 0.5733 0.2867 0.2 0.8 2 5.15 0.57527 0.173548 468.891 
0.5 0.5 0.0667 -0.0667 0.5733 0.2667 0.2 0.8 2 2.58 0.543478 0.173344 458.637 
0.5 0.5 0.0667 -0.0667 0.5733 0.2467 0.2 0.8 2 3.626 0.358097 0.166868 460.705 
0.5 0.5 0.0667 -0.0667 0.5733 0.2267 0.2 0.8 2 2.736 0 0.1735 466.231 
0.5 0.5 0.0667 -0.0667 0.5733 0.2067 0.2 0.8 2 1.748 0.281346 0.171517 414.888 
0.5 0.5 0.0667 -0.0667 0.5733 0.1867 0.2 0.8 2 3.942 0.660765 0.170335 459.694 
0.5 0.5 0.0667 -0.0667 0.5733 0.1667 0.2 0.8 2 1.416 0.258815 0.173363 452.148 
0.5 0.5 0.0667 -0.0667 0.5533 0.5467 0.2 0.8 2 1.436 0.00534299 0.160196 448.658 
0.5 0.5 0.0667 -0.0667 0.5533 0.5267 0.2 0.8 2 2.156 0.266494 0.17244 452.359 
0.5 0.5 0.0667 -0.0667 0.5533 0.5067 0.2 0.8 2 3.046 0.240626 0.170287 448.203 
0.5 0.5 0.0667 -0.0667 0.5533 0.4867 0.2 0.8 2 12.772 0.14307 0.169431 481.133 
0.5 0.5 0.0667 -0.0667 0.5533 0.4667 0.2 0.8 2 2.66 0 0.173025 446.328 
0.5 0.5 0.0667 -0.0667 0.5533 0.4467 0.2 0.8 2 3.336 0.0474338 0.165006 481.965 
0.5 0.5 0.0667 -0.0667 0.5533 0.4267 0.2 0.8 2 8.162 0.844514 0.173304 470.866 
0.5 0.5 0.0667 -0.0667 0.5533 0.4067 0.2 0.8 2 1.84 0.289898 0.17337 473.071 
0.5 0.5 0.0667 -0.0667 0.5533 0.3867 0.2 0.8 2 6.876 0.864737 0.172216 486.59 
0.5 0.5 0.0667 -0.0667 0.5533 0.3667 0.2 0.8 2 4.182 0 0.171766 463.304 
0.5 0.5 0.0667 -0.0667 0.5533 0.3467 0.2 0.8 2 9.412 0.174403 0.172224 480.05 
0.5 0.5 0.0667 -0.0667 0.5533 0.3267 0.2 0.8 2 2.666 0.525869 0.173086 447.949 
0.5 0.5 0.0667 -0.0667 0.5533 0.3067 0.2 0.8 2 4.628 0.207792 0.173333 472.386 
0.5 0.5 0.0667 -0.0667 0.5533 0.2867 0.2 0.8 2 4.85 0.509141 0.165875 483.789 
0.5 0.5 0.0667 -0.0667 0.5533 0.2667 0.2 0.8 2 2.822 0.546294 0.169451 469.279 
0.5 0.5 0.0667 -0.0667 0.5533 0.2467 0.2 0.8 2 2.78 0.59386 0.173546 472.433 
0.5 0.5 0.0667 -0.0667 0.5533 0.2267 0.2 0.8 2 1.708 0 0.16842 427.261 
0.5 0.5 0.0667 -0.0667 0.5533 0.2067 0.2 0.8 2 15 1.00228 0.885288 494.705 
0.5 0.5 0.0667 -0.0667 0.5533 0.1867 0.2 0.8 2 1.946 0.311167 0.173347 415.595 
0.5 0.5 0.0667 -0.0667 0.5533 0.1667 0.2 0.8 2 1.328 0.199115 0.170013 464.731 
0.5 0.5 0.0667 -0.0667 0.5333 0.5467 0.2 0.8 2 1.862 0 0.172886 447.545 
0.5 0.5 0.0667 -0.0667 0.5333 0.5267 0.2 0.8 2 1.862 0 0.170216 446.984 
0.5 0.5 0.0667 -0.0667 0.5333 0.5067 0.2 0.8 2 2.172 0.0971196 0.171798 433.356 
0.5 0.5 0.0667 -0.0667 0.5333 0.4867 0.2 0.8 2 2.35 0.196695 0.168275 462.153 
0.5 0.5 0.0667 -0.0667 0.5333 0.4667 0.2 0.8 2 2.37 0 0.173249 421.107 
0.5 0.5 0.0667 -0.0667 0.5333 0.4467 0.2 0.8 2 3.626 0.300271 0.169797 449.414 
0.5 0.5 0.0667 -0.0667 0.5333 0.4267 0.2 0.8 2 2.42 0.16739 0.170574 470.546 
0.5 0.5 0.0667 -0.0667 0.5333 0.4067 0.2 0.8 2 4.052 0.18047 0.166182 463.004 
0.5 0.5 0.0667 -0.0667 0.5333 0.3867 0.2 0.8 2 3.736 0.0234755 0.172712 466.226 
0.5 0.5 0.0667 -0.0667 0.5333 0.3667 0.2 0.8 2 2.446 0.347136 0.173151 466.96 
0.5 0.5 0.0667 -0.0667 0.5333 0.3467 0.2 0.8 2 3.894 0.439088 0.171677 453.582 
0.5 0.5 0.0667 -0.0667 0.5333 0.3267 0.2 0.8 2 2.714 0.225788 0.17018 448.012 
0.5 0.5 0.0667 -0.0667 0.5333 0.3067 0.2 0.8 2 2.374 0 0.17329 471.184 
0.5 0.5 0.0667 -0.0667 0.5333 0.2867 0.2 0.8 2 6.28 0.225942 0.16809 466.719 
0.5 0.5 0.0667 -0.0667 0.5333 0.2667 0.2 0.8 2 2.328 0.360264 0.16901 477.37 
0.5 0.5 0.0667 -0.0667 0.5333 0.2467 0.2 0.8 2 3.652 0.61055 0.171702 450.882 
0.5 0.5 0.0667 -0.0667 0.5333 0.2267 0.2 0.8 2 1.39 0 0.168072 454.514 
0.5 0.5 0.0667 -0.0667 0.5333 0.2067 0.2 0.8 2 1.596 0.35897 0.173636 438.722 
0.5 0.5 0.0667 -0.0667 0.5333 0.1867 0.2 0.8 2 1.476 0 0.170553 450.717 
0.5 0.5 0.0667 -0.0667 0.5333 0.1667 0.2 0.8 2 4.14 0.260338 0.170782 471.659 
0.5 0.5 0.0667 -0.0667 0.5133 0.5467 0.2 0.8 2 1.992 0 0.166656 435.546 
0.5 0.5 0.0667 -0.0667 0.5133 0.5267 0.2 0.8 2 2.544 0 0.171936 440.671 
0.5 0.5 0.0667 -0.0667 0.5133 0.5067 0.2 0.8 2 1.498 0.0689417 0.163029 449.565 
0.5 0.5 0.0667 -0.0667 0.5133 0.4867 0.2 0.8 2 3.336 0 0.169929 431.775 
0.5 0.5 0.0667 -0.0667 0.5133 0.4667 0.2 0.8 2 1.612 0 0.164846 437.64 
0.5 0.5 0.0667 -0.0667 0.5133 0.4467 0.2 0.8 2 3.586 0.432788 0.173081 448.926 
0.5 0.5 0.0667 -0.0667 0.5133 0.4267 0.2 0.8 2 1.982 0 0.173051 406.774 
0.5 0.5 0.0667 -0.0667 0.5133 0.4067 0.2 0.8 2 9.416 0.868584 0.164274 482.942 
0.5 0.5 0.0667 -0.0667 0.5133 0.3867 0.2 0.8 2 2.402 0 0.173244 467.619 
0.5 0.5 0.0667 -0.0667 0.5133 0.3667 0.2 0.8 2 3.346 0.488246 0.168256 480.063 
0.5 0.5 0.0667 -0.0667 0.5133 0.3467 0.2 0.8 2 8.392 0.855761 0.169676 486.258 
0.5 0.5 0.0667 -0.0667 0.5133 0.3267 0.2 0.8 2 7.596 0.780973 0.169186 475.49 
0.5 0.5 0.0667 -0.0667 0.5133 0.3067 0.2 0.8 2 5.562 0 0.173438 474.287 
0.5 0.5 0.0667 -0.0667 0.5133 0.2867 0.2 0.8 2 3.452 0.325146 0.172861 473.002 
0.5 0.5 0.0667 -0.0667 0.5133 0.2667 0.2 0.8 2 4.492 0.258764 0.171512 477.521 
0.5 0.5 0.0667 -0.0667 0.5133 0.2467 0.2 0.8 2 2.194 0 0.163702 424.604 
0.5 0.5 0.0667 -0.0667 0.5133 0.2267 0.2 0.8 2 1.372 0.272903 0.166579 460.359 
0.5 0.5 0.0667 -0.0667 0.5133 0.2067 0.2 0.8 2 1.604 0 0.173079 425.458 
0.5 0.5 0.0667 -0.0667 0.5133 0.1867 0.2 0.8 2 1.476 0 0.169097 447.441 
0.5 0.5 0.0667 -0.0667 0.5133 0.1667 0.2 0.8 2 3.46 0.284394 0.171425 478.047 
0.5 0.5 0.0667 -0.0667 0.4933 0.5467 0.2 0.8 2 3.118 0 0.169549 446.026 
0.5 0.5 0.0667 -0.0667 0.4933 0.5267 0.2 0.8 2 3.32 0 0.168197 449.13 
0.5 0.5 0.0667 -0.0667 0.4933 0.5067 0.2 0.8 2 7.482 1.05702 0.168185 479.232 
0.5 0.5 0.0667 -0.0667 0.4933 0.4867 0.2 0.8 2 2.802 0 0.167063 432.924 
0.5 0.5 0.0667 -0.0667 0.4933 0.4667 0.2 0.8 2 2.034 0 0.168748 445.08 
0.5 0.5 0.0667 -0.0667 0.4933 0.4467 0.2 0.8 2 2.842 0.105814 0.170041 434.057 
0.5 0.5 0.0667 -0.0667 0.4933 0.4267 0.2 0.8 2 3.342 0.239596 0.171685 479.829 
0.5 0.5 0.0667 -0.0667 0.4933 0.4067 0.2 0.8 2 2.334 0.167649 0.172948 475.623 
0.5 0.5 0.0667 -0.0667 0.4933 0.3867 0.2 0.8 2 5.922 0.678213 0.161543 467.244 
0.5 0.5 0.0667 -0.0667 0.4933 0.3667 0.2 0.8 2 2.334 0.047453 0.168119 475.515 
0.5 0.5 0.0667 -0.0667 0.4933 0.3467 0.2 0.8 2 4.228 0.557808 0.169366 458.388 
0.5 0.5 0.0667 -0.0667 0.4933 0.3267 0.2 0.8 2 1.342 0.023951 0.172199 459.493 
0.5 0.5 0.0667 -0.0667 0.4933 0.3067 0.2 0.8 2 1.758 0 0.168537 420.222 
0.5 0.5 0.0667 -0.0667 0.4933 0.2867 0.2 0.8 2 1.44 0 0.168216 445.532 
0.5 0.5 0.0667 -0.0667 0.4933 0.2667 0.2 0.8 2 1.526 0.110489 0.173208 442.845 
0.5 0.5 0.0667 -0.0667 0.4933 0.2467 0.2 0.8 2 1.534 0.157017 0.172601 451.785 
0.5 0.5 0.0667 -0.0667 0.4933 0.2267 0.2 0.8 2 2.952 0.403093 0.170219 470.379 
0.5 0.5 0.0667 -0.0667 0.4933 0.2067 0.2 0.8 2 1.652 0 0.16798 433.845 
0.5 0.5 0.0667 -0.0667 0.4933 0.1867 0.2 0.8 2 1.49 0 0.168269 458.377 
0.5 0.5 0.0667 -0.0667 0.4933 0.1667 0.2 0.8 2 2.528 0.13997 0.167257 467.238 
0.5 0.5 0.0667 -0.0667 0.4733 0.5467 0.2 0.8 2 1.318 0.0198378 0.173129 435.657 
0.5 0.5 0.0667 -0.0667 0.4733 0.5267 0.2 0.8 2 3.01 0 0.170746 445.455 
0.5 0.5 0.0667 -0.0667 0.4733 0.5067 0.2 0.8 2 9.996 0 0.166376 460.218 
0.5 0.5 0.0667 -0.0667 0.4733 0.4867 0.2 0.8 2 7.964 0 0.171335 463.243 
0.5 0.5 0.0667 -0.0667 0.4733 0.4667 0.2 0.8 2 5.84 0.0835173 0.169779 446.234 
0.5 0.5 0.0667 -0.0667 0.4733 0.4467 0.2 0.8 2 1.868 0 0.165354 456.203 
0.5 0.5 0.0667 -0.0667 0.4733 0.4267 0.2 0.8 2 1.82 0 0.168203 454.508 
0.5 0.5 0.0667 -0.0667 0.4733 0.4067 0.2 0.8 2 3.004 0.0634767 0.171711 462.252 
0.5 0.5 0.0667 -0.0667 0.4733 0.3867 0.2 0.8 2 3.122 0 0.169578 433.699 
0.5 0.5 0.0667 -0.0667 0.4733 0.3667 0.2 0.8 2 1.556 0 0.171076 427.242 
0.5 0.5 0.0667 -0.0667 0.4733 0.3467 0.2 0.8 2 3.314 0.201475 0.168357 462.905 
0.5 0.5 0.0667 -0.0667 0.4733 0.3267 0.2 0.8 2 2.028 0.205283 0.159753 431.567 
0.5 0.5 0.0667 -0.0667 0.4733 0.3067 0.2 0.8 2 1.24 0.197102 0.167397 448.612 
0.5 0.5 0.0667 -0.0667 0.4733 0.2867 0.2 0.8 2 1.818 0.140023 0.171927 458.556 
0.5 0.5 0.0667 -0.0667 0.4733 0.2667 0.2 0.8 2 1.948 0.324422 0.170765 454.533 
0.5 0.5 0.0667 -0.0667 0.4733 0.2467 0.2 0.8 2 1.75 0.224811 0.173347 441.883 
0.5 0.5 0.0667 -0.0667 0.4733 0.2267 0.2 0.8 2 2.224 0.298775 0.168232 439.556 
0.5 0.5 0.0667 -0.0667 0.4733 0.2067 0.2 0.8 2 1.36 0.233997 0.164826 462.972 
0.5 0.5 0.0667 -0.0667 0.4733 0.1867 0.2 0.8 2 1.728 0 0.168564 436.802 
0.5 0.5 0.0667 -0.0667 0.4733 0.1667 0.2 0.8 2 8.536 0.392146 0.173503 486.469 
0.5 0.5 0.0667 -0.0667 0.4533 0.5467 0.2 0.8 2 2.226 0.250962 0.168951 401.781 
0.5 0.5 0.0667 -0.0667 0.4533 0.5267 0.2 0.8 2 3.66 0.140605 0.171743 423.962 
0.5 0.5 0.0667 -0.0667 0.4533 0.5067 0.2 0.8 2 1.638 0.150322 0.162509 421.29 
0.5 0.5 0.0667 -0.0667 0.4533 0.4867 0.2 0.8 2 1.668 0 0.168332 431.962 
0.5 0.5 0.0667 -0.0667 0.4533 0.4667 0.2 0.8 2 2.128 0 0.166764 431.437 
0.5 0.5 0.0667 -0.0667 0.4533 0.4467 0.2 0.8 2 2.08 0 0.17217 431.339 
0.5 0.5 0.0667 -0.0667 0.4533 0.4267 0.2 0.8 2 2.09 0.233108 0.171977 437.361 
0.5 0.5 0.0667 -0.0667 0.4533 0.4067 0.2 0.8 2 2.442 0.275745 0.167775 465.546 
0.5 0.5 0.0667 -0.0667 0.4533 0.3867 0.2 0.8 2 2.322 0 0.170146 451.794 
0.5 0.5 0.0667 -0.0667 0.4533 0.3667 0.2 0.8 2 2.36 0.357664 0.168836 462.863 
0.5 0.5 0.0667 -0.0667 0.4533 0.3467 0.2 0.8 2 1.468 0.301812 0.169228 443.873 
0.5 0.5 0.0667 -0.0667 0.4533 0.3267 0.2 0.8 2 1.408 0.000397011 0.169608 451.059 
0.5 0.5 0.0667 -0.0667 0.4533 0.3067 0.2 0.8 2 1.422 0 0.170175 444.296 
0.5 0.5 0.0667 -0.0667 0.4533 0.2867 0.2 0.8 2 5.144 0.245681 0.169429 458.991 
0.5 0.5 0.0667 -0.0667 0.4533 0.2667 0.2 0.8 2 1.942 0.314746 0.168233 460.189 
0.5 0.5 0.0667 -0.0667 0.4533 0.2467 0.2 0.8 2 4.634 0 0.17359 463.776 
0.5 0.5 0.0667 -0.0667 0.4533 0.2267 0.2 0.8 2 1.336 0.0780349 0.166058 461.54 
0.5 0.5 0.0667 -0.0667 0.4533 0.2067 0.2 0.8 2 1.458 0.19998 0.169682 448.69 
0.5 0.5 0.0667 -0.0667 0.4533 0.1867 0.2 0.8 2 1.466 0.182257 0.170519 447.851 
0.5 0.5 0.0667 -0.0667 0.4533 0.1667 0.2 0.8 2 3.004 0 0.173516 444.767 
0.5 0.5 0.0667 -0.0667 0.4333 0.5467 0.2 0.8 2 6.464 0.0642005 0.166247 450.264 
0.5 0.5 0.0667 -0.0667 0.4333 0.5267 0.2 0.8 2 2.7 0.285401 0.173151 444.854 
0.5 0.5 0.0667 -0.0667 0.4333 0.5067 0.2 0.8 2 1.704 0.0829705 0.171228 430.209 
0.5 0.5 0.0667 -0.0667 0.4333 0.4867 0.2 0.8 2 1.828 0.113883 0.171667 443.18 
0.5 0.5 0.0667 -0.0667 0.4333 0.4667 0.2 0.8 2 1.61 0.118288 0.164012 423.7 
0.5 0.5 0.0667 -0.0667 0.4333 0.4467 0.2 0.8 2 2.41 0 0.169931 431.38 
0.5 0.5 0.0667 -0.0667 0.4333 0.4267 0.2 0.8 2 2.012 0.256675 0.166901 413.441 
0.5 0.5 0.0667 -0.0667 0.4333 0.4067 0.2 0.8 2 9.832 0 0.170172 466.907 
0.5 0.5 0.0667 -0.0667 0.4333 0.3867 0.2 0.8 2 1.342 0.0505732 0.167574 460.387 
0.5 0.5 0.0667 -0.0667 0.4333 0.3667 0.2 0.8 2 1.898 0 0.173277 398.645 
0.5 0.5 0.0667 -0.0667 0.4333 0.3467 0.2 0.8 2 1.408 0 0.172155 448.591 
0.5 0.5 0.0667 -0.0667 0.4333 0.3267 0.2 0.8 2 1.586 0.0811651 0.172423 435.995 
0.5 0.5 0.0667 -0.0667 0.4333 0.3067 0.2 0.8 2 1.362 0 0.169419 453.249 
0.5 0.5 0.0667 -0.0667 0.4333 0.2867 0.2 0.8 2 1.362 0 0.17184 454.233 
0.5 0.5 0.0667 -0.0667 0.4333 0.2667 0.2 0.8 2 1.464 0.334389 0.164904 445.71 
0.5 0.5 0.0667 -0.0667 0.4333 0.2467 0.2 0.8 2 1.394 0 0.172008 450.881 
0.5 0.5 0.0667 -0.0667 0.4333 0.2267 0.2 0.8 2 7.216 0.0204413 0.166652 468.982 
0.5 0.5 0.0667 -0.0667 0.4333 0.2067 0.2 0.8 2 1.662 0.36718 0.172528 423.744 
0.5 0.5 0.0667 -0.0667 0.4333 0.1867 0.2 0.8 2 3.842 0.169901 0.166596 465.028 
0.5 0.5 0.0667 -0.0667 0.4333 0.1667 0.2 0.8 2 1.952 0.213112 0.169316 462.583 
