d_amplitudeForeHip d_amplitudeHindHip d_offsetForeHip d_offsetHindHip d_amplitudeForeKnee d_amplitudeHindKnee d_offsetKnee d_kneePhaseLag d_frequency d_duration distance angle stability
0.35 0.35 0.0667 -0.0667 0.8133 0.5467 0.2 0.8 2 15 0.0651972 0.218347 321.361 
0.35 0.35 0.0667 -0.0667 0.8133 0.5267 0.2 0.8 2 13.744 0.406737 0.170061 480.184 
0.35 0.35 0.0667 -0.0667 0.8133 0.5067 0.2 0.8 2 9.43 0.156017 0.170898 478.231 
0.35 0.35 0.0667 -0.0667 0.8133 0.4867 0.2 0.8 2 2.778 0 0.171441 440.945 
0.35 0.35 0.0667 -0.0667 0.8133 0.4667 0.2 0.8 2 15 0.0524703 0.811293 485.348 
0.35 0.35 0.0667 -0.0667 0.8133 0.4467 0.2 0.8 2 4.64 0.033088 0.162475 472.444 
0.35 0.35 0.0667 -0.0667 0.8133 0.4267 0.2 0.8 2 11.958 0.116979 0.172017 480.725 
0.35 0.35 0.0667 -0.0667 0.8133 0.4067 0.2 0.8 2 9.466 0.355382 0.163922 473.034 
0.35 0.35 0.0667 -0.0667 0.8133 0.3867 0.2 0.8 2 3.342 0.309495 0.173335 444.435 
0.35 0.35 0.0667 -0.0667 0.8133 0.3667 0.2 0.8 2 8.234 0.193852 0.164663 477.294 
0.35 0.35 0.0667 -0.0667 0.8133 0.3467 0.2 0.8 2 2.784 0 0.171734 459.109 
0.35 0.35 0.0667 -0.0667 0.8133 0.3267 0.2 0.8 2 9.72 0.0847795 0.173473 473.116 
0.35 0.35 0.0667 -0.0667 0.8133 0.3067 0.2 0.8 2 15 0.143878 0.844585 486.979 
0.35 0.35 0.0667 -0.0667 0.8133 0.2867 0.2 0.8 2 3.208 0.0884306 0.167185 456.895 
0.35 0.35 0.0667 -0.0667 0.8133 0.2667 0.2 0.8 2 11.994 0.314898 0.171525 473.006 
0.35 0.35 0.0667 -0.0667 0.8133 0.2467 0.2 0.8 2 4.074 0 0.171481 467.933 
0.35 0.35 0.0667 -0.0667 0.8133 0.2267 0.2 0.8 2 15 0.313577 0.829203 486.285 
0.35 0.35 0.0667 -0.0667 0.8133 0.2067 0.2 0.8 2 13.742 0.156534 0.173375 483.368 
0.35 0.35 0.0667 -0.0667 0.8133 0.1867 0.2 0.8 2 15 0.288277 0.687191 486.717 
0.35 0.35 0.0667 -0.0667 0.8133 0.1667 0.2 0.8 2 15 0.258985 0.222658 443.925 
0.35 0.35 0.0667 -0.0667 0.7933 0.5467 0.2 0.8 2 15 0.92715 0.820816 490.443 
0.35 0.35 0.0667 -0.0667 0.7933 0.5267 0.2 0.8 2 3.606 0.0954794 0.165146 461.377 
0.35 0.35 0.0667 -0.0667 0.7933 0.5067 0.2 0.8 2 4.946 0 0.162861 462.121 
0.35 0.35 0.0667 -0.0667 0.7933 0.4867 0.2 0.8 2 6.418 0 0.172246 459.123 
0.35 0.35 0.0667 -0.0667 0.7933 0.4667 0.2 0.8 2 15 0.0117796 0.765666 483.719 
0.35 0.35 0.0667 -0.0667 0.7933 0.4467 0.2 0.8 2 15 0.34717 0.832446 486.884 
0.35 0.35 0.0667 -0.0667 0.7933 0.4267 0.2 0.8 2 15 0.228392 0.789322 483.863 
0.35 0.35 0.0667 -0.0667 0.7933 0.4067 0.2 0.8 2 5.178 0.00765601 0.169435 465.347 
0.35 0.35 0.0667 -0.0667 0.7933 0.3867 0.2 0.8 2 15 0.205835 0.174236 237.742 
0.35 0.35 0.0667 -0.0667 0.7933 0.3667 0.2 0.8 2 15 0.125382 0.796108 484.242 
0.35 0.35 0.0667 -0.0667 0.7933 0.3467 0.2 0.8 2 15 0.196395 0.770197 482.564 
0.35 0.35 0.0667 -0.0667 0.7933 0.3267 0.2 0.8 2 15 0.61925 0.808023 486.916 
0.35 0.35 0.0667 -0.0667 0.7933 0.3067 0.2 0.8 2 15 0.114243 0.838136 484.881 
0.35 0.35 0.0667 -0.0667 0.7933 0.2867 0.2 0.8 2 5.238 0 0.168351 475.321 
0.35 0.35 0.0667 -0.0667 0.7933 0.2667 0.2 0.8 2 12.302 0 0.170385 480.873 
0.35 0.35 0.0667 -0.0667 0.7933 0.2467 0.2 0.8 2 6.436 0 0.173548 461.973 
0.35 0.35 0.0667 -0.0667 0.7933 0.2267 0.2 0.8 2 15 0.416299 0.819429 487.989 
0.35 0.35 0.0667 -0.0667 0.7933 0.2067 0.2 0.8 2 15 0.535593 0.818578 487.084 
0.35 0.35 0.0667 -0.0667 0.7933 0.1867 0.2 0.8 2 4.768 0.189139 0.169919 465.743 
0.35 0.35 0.0667 -0.0667 0.7933 0.1667 0.2 0.8 2 8 0.463259 0.172632 466.029 
0.35 0.35 0.0667 -0.0667 0.7733 0.5467 0.2 0.8 2 6.388 0.253093 0.173351 459.176 
0.35 0.35 0.0667 -0.0667 0.7733 0.5267 0.2 0.8 2 15 0.502819 0.808374 489.643 
0.35 0.35 0.0667 -0.0667 0.7733 0.5067 0.2 0.8 2 15 0 0.775974 485.057 
0.35 0.35 0.0667 -0.0667 0.7733 0.4867 0.2 0.8 2 15 0.950596 0.807959 490.36 
0.35 0.35 0.0667 -0.0667 0.7733 0.4667 0.2 0.8 2 5.226 0.0873239 0.165418 467.407 
0.35 0.35 0.0667 -0.0667 0.7733 0.4467 0.2 0.8 2 5.048 0.178235 0.164224 468.394 
0.35 0.35 0.0667 -0.0667 0.7733 0.4267 0.2 0.8 2 5.136 0.39384 0.173221 453.614 
0.35 0.35 0.0667 -0.0667 0.7733 0.4067 0.2 0.8 2 15 0.150248 0.772169 483.673 
0.35 0.35 0.0667 -0.0667 0.7733 0.3867 0.2 0.8 2 10.35 0.255614 0.170666 475.685 
0.35 0.35 0.0667 -0.0667 0.7733 0.3667 0.2 0.8 2 2.562 0.0336182 0.166801 454.625 
0.35 0.35 0.0667 -0.0667 0.7733 0.3467 0.2 0.8 2 5.61 0 0.173035 465.101 
0.35 0.35 0.0667 -0.0667 0.7733 0.3267 0.2 0.8 2 3.398 0.232554 0.173283 444.998 
0.35 0.35 0.0667 -0.0667 0.7733 0.3067 0.2 0.8 2 15 0.1346 0.7988 485.784 
0.35 0.35 0.0667 -0.0667 0.7733 0.2867 0.2 0.8 2 15 0.422872 0.773914 481.86 
0.35 0.35 0.0667 -0.0667 0.7733 0.2667 0.2 0.8 2 4.434 0.270769 0.173673 458.681 
0.35 0.35 0.0667 -0.0667 0.7733 0.2467 0.2 0.8 2 15 0.387394 0.811899 484.108 
0.35 0.35 0.0667 -0.0667 0.7733 0.2267 0.2 0.8 2 3.272 0.241126 0.171188 447.33 
0.35 0.35 0.0667 -0.0667 0.7733 0.2067 0.2 0.8 2 3.332 0.212274 0.169817 454.48 
0.35 0.35 0.0667 -0.0667 0.7733 0.1867 0.2 0.8 2 14.5 0 0.172207 473.929 
0.35 0.35 0.0667 -0.0667 0.7733 0.1667 0.2 0.8 2 5.558 0.170352 0.171712 474.953 
0.35 0.35 0.0667 -0.0667 0.7533 0.5467 0.2 0.8 2 15 0.500901 0.803548 488.165 
0.35 0.35 0.0667 -0.0667 0.7533 0.5267 0.2 0.8 2 15 1.85534 0.807072 495.54 
0.35 0.35 0.0667 -0.0667 0.7533 0.5067 0.2 0.8 2 5.386 0.306363 0.172968 457.211 
0.35 0.35 0.0667 -0.0667 0.7533 0.4867 0.2 0.8 2 9.418 0.238599 0.166859 479.722 
0.35 0.35 0.0667 -0.0667 0.7533 0.4667 0.2 0.8 2 2.81 0 0.170985 452.841 
0.35 0.35 0.0667 -0.0667 0.7533 0.4467 0.2 0.8 2 15 0 0.74322 484.232 
0.35 0.35 0.0667 -0.0667 0.7533 0.4267 0.2 0.8 2 11.346 0 0.172499 468.198 
0.35 0.35 0.0667 -0.0667 0.7533 0.4067 0.2 0.8 2 15 0.294179 0.803336 485.711 
0.35 0.35 0.0667 -0.0667 0.7533 0.3867 0.2 0.8 2 15 0.286671 0.809266 484.051 
0.35 0.35 0.0667 -0.0667 0.7533 0.3667 0.2 0.8 2 2.504 0.0340061 0.165901 455.335 
0.35 0.35 0.0667 -0.0667 0.7533 0.3467 0.2 0.8 2 15 0.467591 0.814223 488.643 
0.35 0.35 0.0667 -0.0667 0.7533 0.3267 0.2 0.8 2 4.156 0.0974643 0.172327 451.018 
0.35 0.35 0.0667 -0.0667 0.7533 0.3067 0.2 0.8 2 10.976 0.141979 0.16814 466.295 
0.35 0.35 0.0667 -0.0667 0.7533 0.2867 0.2 0.8 2 9.102 0.237127 0.169005 479.853 
0.35 0.35 0.0667 -0.0667 0.7533 0.2667 0.2 0.8 2 11.89 0.254301 0.170186 478.521 
0.35 0.35 0.0667 -0.0667 0.7533 0.2467 0.2 0.8 2 15 0.534042 0.80639 485.604 
0.35 0.35 0.0667 -0.0667 0.7533 0.2267 0.2 0.8 2 3.284 0.319585 0.172763 455.717 
0.35 0.35 0.0667 -0.0667 0.7533 0.2067 0.2 0.8 2 12.524 0.158811 0.173571 474.635 
0.35 0.35 0.0667 -0.0667 0.7533 0.1867 0.2 0.8 2 14.758 0 0.170497 479.181 
0.35 0.35 0.0667 -0.0667 0.7533 0.1667 0.2 0.8 2 15 0.546025 0.806102 487.87 
0.35 0.35 0.0667 -0.0667 0.7333 0.5467 0.2 0.8 2 1.55 0 0.171138 422.498 
0.35 0.35 0.0667 -0.0667 0.7333 0.5267 0.2 0.8 2 1.746 0 0.170438 443.836 
0.35 0.35 0.0667 -0.0667 0.7333 0.5067 0.2 0.8 2 10.462 0.832903 0.169988 482.185 
0.35 0.35 0.0667 -0.0667 0.7333 0.4867 0.2 0.8 2 13.98 0 0.172001 474.297 
0.35 0.35 0.0667 -0.0667 0.7333 0.4667 0.2 0.8 2 15 0 0.691035 476.748 
0.35 0.35 0.0667 -0.0667 0.7333 0.4467 0.2 0.8 2 9.988 0.0987426 0.16707 478.229 
0.35 0.35 0.0667 -0.0667 0.7333 0.4267 0.2 0.8 2 10.716 0.193531 0.169833 481.379 
0.35 0.35 0.0667 -0.0667 0.7333 0.4067 0.2 0.8 2 3.51 0.0913969 0.173574 459.981 
0.35 0.35 0.0667 -0.0667 0.7333 0.3867 0.2 0.8 2 15 0 0.800086 483.378 
0.35 0.35 0.0667 -0.0667 0.7333 0.3667 0.2 0.8 2 2.856 0 0.166086 458.114 
0.35 0.35 0.0667 -0.0667 0.7333 0.3467 0.2 0.8 2 15 0.493392 0.80682 486.937 
0.35 0.35 0.0667 -0.0667 0.7333 0.3267 0.2 0.8 2 15 0.125609 0.779991 484.431 
0.35 0.35 0.0667 -0.0667 0.7333 0.3067 0.2 0.8 2 15 0.369353 0.796344 484.215 
0.35 0.35 0.0667 -0.0667 0.7333 0.2867 0.2 0.8 2 7.83 0.178524 0.171143 476.177 
0.35 0.35 0.0667 -0.0667 0.7333 0.2667 0.2 0.8 2 7.388 0.390077 0.173289 472.936 
0.35 0.35 0.0667 -0.0667 0.7333 0.2467 0.2 0.8 2 15 0.245728 0.17937 225.716 
0.35 0.35 0.0667 -0.0667 0.7333 0.2267 0.2 0.8 2 5.58 0.350251 0.172282 462.045 
0.35 0.35 0.0667 -0.0667 0.7333 0.2067 0.2 0.8 2 15 0.361301 0.803281 488.131 
0.35 0.35 0.0667 -0.0667 0.7333 0.1867 0.2 0.8 2 15 0.0456939 0.801988 489.583 
0.35 0.35 0.0667 -0.0667 0.7333 0.1667 0.2 0.8 2 13.5 0 0.168554 479.026 
0.35 0.35 0.0667 -0.0667 0.7133 0.5467 0.2 0.8 2 15 0.516902 0.524971 483.536 
0.35 0.35 0.0667 -0.0667 0.7133 0.5267 0.2 0.8 2 15 1.88281 0.844615 496.265 
0.35 0.35 0.0667 -0.0667 0.7133 0.5067 0.2 0.8 2 15 1.40571 0.836021 493.962 
0.35 0.35 0.0667 -0.0667 0.7133 0.4867 0.2 0.8 2 13.356 0.58425 0.171865 482.643 
0.35 0.35 0.0667 -0.0667 0.7133 0.4667 0.2 0.8 2 15 0.78371 0.827182 489.116 
0.35 0.35 0.0667 -0.0667 0.7133 0.4467 0.2 0.8 2 15 0.930835 0.821612 488.457 
0.35 0.35 0.0667 -0.0667 0.7133 0.4267 0.2 0.8 2 8.436 0 0.17171 469.244 
0.35 0.35 0.0667 -0.0667 0.7133 0.4067 0.2 0.8 2 15 0.584087 0.818743 486.957 
0.35 0.35 0.0667 -0.0667 0.7133 0.3867 0.2 0.8 2 15 0.489543 0.782831 487.87 
0.35 0.35 0.0667 -0.0667 0.7133 0.3667 0.2 0.8 2 4.74 0.179357 0.171492 448.861 
0.35 0.35 0.0667 -0.0667 0.7133 0.3467 0.2 0.8 2 15 0 0.806055 487.758 
0.35 0.35 0.0667 -0.0667 0.7133 0.3267 0.2 0.8 2 12.246 0 0.169548 477.73 
0.35 0.35 0.0667 -0.0667 0.7133 0.3067 0.2 0.8 2 3.082 0 0.171283 457.3 
0.35 0.35 0.0667 -0.0667 0.7133 0.2867 0.2 0.8 2 5.254 0.153729 0.16156 466.303 
0.35 0.35 0.0667 -0.0667 0.7133 0.2667 0.2 0.8 2 15 0 0.721637 481.401 
0.35 0.35 0.0667 -0.0667 0.7133 0.2467 0.2 0.8 2 11.454 0.712354 0.172028 473.548 
0.35 0.35 0.0667 -0.0667 0.7133 0.2267 0.2 0.8 2 14.218 0.654729 0.173408 476.541 
0.35 0.35 0.0667 -0.0667 0.7133 0.2067 0.2 0.8 2 15 0.772582 0.804413 487.818 
0.35 0.35 0.0667 -0.0667 0.7133 0.1867 0.2 0.8 2 15 0.590777 0.800336 487.079 
0.35 0.35 0.0667 -0.0667 0.7133 0.1667 0.2 0.8 2 15 0 0.835836 490.319 
0.35 0.35 0.0667 -0.0667 0.6933 0.5467 0.2 0.8 2 15 1.28393 0.84617 493.226 
0.35 0.35 0.0667 -0.0667 0.6933 0.5267 0.2 0.8 2 15 2.28385 0.84481 498.065 
0.35 0.35 0.0667 -0.0667 0.6933 0.5067 0.2 0.8 2 15 1.60131 0.812816 493.927 
0.35 0.35 0.0667 -0.0667 0.6933 0.4867 0.2 0.8 2 1.962 0.153884 0.170824 432.289 
0.35 0.35 0.0667 -0.0667 0.6933 0.4667 0.2 0.8 2 15 0.916113 0.734354 481.323 
0.35 0.35 0.0667 -0.0667 0.6933 0.4467 0.2 0.8 2 15 0.716742 0.803884 485.863 
0.35 0.35 0.0667 -0.0667 0.6933 0.4267 0.2 0.8 2 15 1.18833 0.798486 491.805 
0.35 0.35 0.0667 -0.0667 0.6933 0.4067 0.2 0.8 2 15 0.591524 0.794777 485.649 
0.35 0.35 0.0667 -0.0667 0.6933 0.3867 0.2 0.8 2 15 0.600545 0.810873 485.629 
0.35 0.35 0.0667 -0.0667 0.6933 0.3667 0.2 0.8 2 15 0.465807 0.81416 488.658 
0.35 0.35 0.0667 -0.0667 0.6933 0.3467 0.2 0.8 2 9.372 0 0.170548 469.654 
0.35 0.35 0.0667 -0.0667 0.6933 0.3267 0.2 0.8 2 7.01 0 0.171705 472.795 
0.35 0.35 0.0667 -0.0667 0.6933 0.3067 0.2 0.8 2 15 0.519914 0.744039 482.453 
0.35 0.35 0.0667 -0.0667 0.6933 0.2867 0.2 0.8 2 9.468 0.325426 0.172379 477.896 
0.35 0.35 0.0667 -0.0667 0.6933 0.2667 0.2 0.8 2 15 0.769769 0.824459 489.555 
0.35 0.35 0.0667 -0.0667 0.6933 0.2467 0.2 0.8 2 15 0.64992 0.812892 487.857 
0.35 0.35 0.0667 -0.0667 0.6933 0.2267 0.2 0.8 2 15 0.675561 0.816722 489.449 
0.35 0.35 0.0667 -0.0667 0.6933 0.2067 0.2 0.8 2 8.586 0 0.171088 478.247 
0.35 0.35 0.0667 -0.0667 0.6933 0.1867 0.2 0.8 2 15 0.755992 0.800994 487.721 
0.35 0.35 0.0667 -0.0667 0.6933 0.1667 0.2 0.8 2 9.468 0 0.17131 473.796 
0.35 0.35 0.0667 -0.0667 0.6733 0.5467 0.2 0.8 2 15 1.16413 0.825494 492.567 
0.35 0.35 0.0667 -0.0667 0.6733 0.5267 0.2 0.8 2 15 1.90737 0.824744 496.836 
0.35 0.35 0.0667 -0.0667 0.6733 0.5067 0.2 0.8 2 15 2.28386 0.82584 497.904 
0.35 0.35 0.0667 -0.0667 0.6733 0.4867 0.2 0.8 2 15 1.30837 0.840167 494.156 
0.35 0.35 0.0667 -0.0667 0.6733 0.4667 0.2 0.8 2 15 1.81688 0.807918 494.174 
0.35 0.35 0.0667 -0.0667 0.6733 0.4467 0.2 0.8 2 15 1.1005 0.776532 490.1 
0.35 0.35 0.0667 -0.0667 0.6733 0.4267 0.2 0.8 2 15 0.737289 0.816614 489.845 
0.35 0.35 0.0667 -0.0667 0.6733 0.4067 0.2 0.8 2 15 0.773071 0.80643 487.573 
0.35 0.35 0.0667 -0.0667 0.6733 0.3867 0.2 0.8 2 15 0.549665 0.745981 483.792 
0.35 0.35 0.0667 -0.0667 0.6733 0.3667 0.2 0.8 2 15 0.31038 0.802721 484.702 
0.35 0.35 0.0667 -0.0667 0.6733 0.3467 0.2 0.8 2 6.344 0.246892 0.157419 469.624 
0.35 0.35 0.0667 -0.0667 0.6733 0.3267 0.2 0.8 2 15 0.326496 0.838393 485.632 
0.35 0.35 0.0667 -0.0667 0.6733 0.3067 0.2 0.8 2 11.144 0 0.171534 472.836 
0.35 0.35 0.0667 -0.0667 0.6733 0.2867 0.2 0.8 2 11.006 0.548074 0.171004 476.158 
0.35 0.35 0.0667 -0.0667 0.6733 0.2667 0.2 0.8 2 11.51 0.579378 0.168186 481.592 
0.35 0.35 0.0667 -0.0667 0.6733 0.2467 0.2 0.8 2 15 0.739679 0.720756 485.173 
0.35 0.35 0.0667 -0.0667 0.6733 0.2267 0.2 0.8 2 15 0.808324 0.800532 487.722 
0.35 0.35 0.0667 -0.0667 0.6733 0.2067 0.2 0.8 2 2.276 0.031026 0.164433 455.612 
0.35 0.35 0.0667 -0.0667 0.6733 0.1867 0.2 0.8 2 3.832 0.388241 0.173007 458.347 
0.35 0.35 0.0667 -0.0667 0.6733 0.1667 0.2 0.8 2 15 0 0.406105 486.122 
0.35 0.35 0.0667 -0.0667 0.6533 0.5467 0.2 0.8 2 4.35 0.134632 0.171786 468.518 
0.35 0.35 0.0667 -0.0667 0.6533 0.5267 0.2 0.8 2 15 1.97351 0.816158 497.088 
0.35 0.35 0.0667 -0.0667 0.6533 0.5067 0.2 0.8 2 15 1.44092 0.816325 494.595 
0.35 0.35 0.0667 -0.0667 0.6533 0.4867 0.2 0.8 2 15 1.9723 0.819644 496.144 
0.35 0.35 0.0667 -0.0667 0.6533 0.4667 0.2 0.8 2 15 2.51721 0.821476 498.107 
0.35 0.35 0.0667 -0.0667 0.6533 0.4467 0.2 0.8 2 15 1.81438 0.790855 491.283 
0.35 0.35 0.0667 -0.0667 0.6533 0.4267 0.2 0.8 2 15 2.74266 0.825669 498.18 
0.35 0.35 0.0667 -0.0667 0.6533 0.4067 0.2 0.8 2 15 1.49591 0.839881 494.239 
0.35 0.35 0.0667 -0.0667 0.6533 0.3867 0.2 0.8 2 8.706 0.569796 0.169439 475.68 
0.35 0.35 0.0667 -0.0667 0.6533 0.3667 0.2 0.8 2 15 1.05433 0.827433 488.667 
0.35 0.35 0.0667 -0.0667 0.6533 0.3467 0.2 0.8 2 15 0.813757 0.80977 488.481 
0.35 0.35 0.0667 -0.0667 0.6533 0.3267 0.2 0.8 2 15 0.80249 0.719454 484.314 
0.35 0.35 0.0667 -0.0667 0.6533 0.3067 0.2 0.8 2 10.936 0.816523 0.170795 475.379 
0.35 0.35 0.0667 -0.0667 0.6533 0.2867 0.2 0.8 2 15 0 0.564622 483.473 
0.35 0.35 0.0667 -0.0667 0.6533 0.2667 0.2 0.8 2 4.498 0.218634 0.167187 468.832 
0.35 0.35 0.0667 -0.0667 0.6533 0.2467 0.2 0.8 2 4.594 0 0.170809 470.648 
0.35 0.35 0.0667 -0.0667 0.6533 0.2267 0.2 0.8 2 15 0.851291 0.713611 486.385 
0.35 0.35 0.0667 -0.0667 0.6533 0.2067 0.2 0.8 2 15 0.959511 0.758632 487.465 
0.35 0.35 0.0667 -0.0667 0.6533 0.1867 0.2 0.8 2 14.128 0.926736 0.172398 484.756 
0.35 0.35 0.0667 -0.0667 0.6533 0.1667 0.2 0.8 2 15 0.204697 0.186181 294.628 
0.35 0.35 0.0667 -0.0667 0.6333 0.5467 0.2 0.8 2 15 1.85434 0.806808 497.306 
0.35 0.35 0.0667 -0.0667 0.6333 0.5267 0.2 0.8 2 15 1.9917 0.817747 497.727 
0.35 0.35 0.0667 -0.0667 0.6333 0.5067 0.2 0.8 2 15 2.13482 0.813262 497.774 
0.35 0.35 0.0667 -0.0667 0.6333 0.4867 0.2 0.8 2 5.264 0 0.16729 475.165 
0.35 0.35 0.0667 -0.0667 0.6333 0.4667 0.2 0.8 2 2.674 0.208532 0.171329 430.352 
0.35 0.35 0.0667 -0.0667 0.6333 0.4467 0.2 0.8 2 15 1.83107 0.817846 496.457 
0.35 0.35 0.0667 -0.0667 0.6333 0.4267 0.2 0.8 2 15 1.76981 0.821478 495.813 
0.35 0.35 0.0667 -0.0667 0.6333 0.4067 0.2 0.8 2 15 2.36187 0.831563 497.996 
0.35 0.35 0.0667 -0.0667 0.6333 0.3867 0.2 0.8 2 15 1.82642 0.835143 495.816 
0.35 0.35 0.0667 -0.0667 0.6333 0.3667 0.2 0.8 2 5.77 0 0.167774 478.599 
0.35 0.35 0.0667 -0.0667 0.6333 0.3467 0.2 0.8 2 15 1.16823 0.842868 492.617 
0.35 0.35 0.0667 -0.0667 0.6333 0.3267 0.2 0.8 2 9.23 0.687857 0.167539 484.128 
0.35 0.35 0.0667 -0.0667 0.6333 0.3067 0.2 0.8 2 8.518 0.753823 0.170991 477.707 
0.35 0.35 0.0667 -0.0667 0.6333 0.2867 0.2 0.8 2 15 0.683333 0.811714 486.591 
0.35 0.35 0.0667 -0.0667 0.6333 0.2667 0.2 0.8 2 6.146 0.231709 0.170919 469.481 
0.35 0.35 0.0667 -0.0667 0.6333 0.2467 0.2 0.8 2 13.048 1.2854 0.167304 483.647 
0.35 0.35 0.0667 -0.0667 0.6333 0.2267 0.2 0.8 2 15 0.983878 0.668204 482.716 
0.35 0.35 0.0667 -0.0667 0.6333 0.2067 0.2 0.8 2 12.522 1.13871 0.173059 480.806 
0.35 0.35 0.0667 -0.0667 0.6333 0.1867 0.2 0.8 2 15 1.02175 0.826325 490.458 
0.35 0.35 0.0667 -0.0667 0.6333 0.1667 0.2 0.8 2 15 0.611389 0.670346 485.938 
0.35 0.35 0.0667 -0.0667 0.6133 0.5467 0.2 0.8 2 15 1.82266 0.812029 497.253 
0.35 0.35 0.0667 -0.0667 0.6133 0.5267 0.2 0.8 2 15 1.92569 0.810379 497.497 
0.35 0.35 0.0667 -0.0667 0.6133 0.5067 0.2 0.8 2 15 1.72964 0.820898 497.379 
0.35 0.35 0.0667 -0.0667 0.6133 0.4867 0.2 0.8 2 15 1.61307 0.821786 494.701 
0.35 0.35 0.0667 -0.0667 0.6133 0.4667 0.2 0.8 2 15 1.5212 0.82263 495.678 
0.35 0.35 0.0667 -0.0667 0.6133 0.4467 0.2 0.8 2 15 1.85661 0.823999 496.415 
0.35 0.35 0.0667 -0.0667 0.6133 0.4267 0.2 0.8 2 15 1.85749 0.832143 497.002 
0.35 0.35 0.0667 -0.0667 0.6133 0.4067 0.2 0.8 2 15 2.19395 0.833056 497.772 
0.35 0.35 0.0667 -0.0667 0.6133 0.3867 0.2 0.8 2 15 2.1937 0.834734 497.573 
0.35 0.35 0.0667 -0.0667 0.6133 0.3667 0.2 0.8 2 15 2.10305 0.838782 497.099 
0.35 0.35 0.0667 -0.0667 0.6133 0.3467 0.2 0.8 2 15 1.5694 0.846521 494.755 
0.35 0.35 0.0667 -0.0667 0.6133 0.3267 0.2 0.8 2 15 1.32349 0.84598 491.894 
0.35 0.35 0.0667 -0.0667 0.6133 0.3067 0.2 0.8 2 15 0.583473 0.725213 484.629 
0.35 0.35 0.0667 -0.0667 0.6133 0.2867 0.2 0.8 2 15 1.28264 0.667412 485.543 
0.35 0.35 0.0667 -0.0667 0.6133 0.2667 0.2 0.8 2 2.478 0.0134693 0.170559 452.108 
0.35 0.35 0.0667 -0.0667 0.6133 0.2467 0.2 0.8 2 10.1 0.488666 0.167001 479.94 
0.35 0.35 0.0667 -0.0667 0.6133 0.2267 0.2 0.8 2 15 1.23432 0.752859 486.734 
0.35 0.35 0.0667 -0.0667 0.6133 0.2067 0.2 0.8 2 10.662 0 0.171359 482.799 
0.35 0.35 0.0667 -0.0667 0.6133 0.1867 0.2 0.8 2 5.874 0.576104 0.170355 468.283 
0.35 0.35 0.0667 -0.0667 0.6133 0.1667 0.2 0.8 2 15 1.07054 0.641119 482.492 
0.35 0.35 0.0667 -0.0667 0.5933 0.5467 0.2 0.8 2 1.862 0.113422 0.171975 436.493 
0.35 0.35 0.0667 -0.0667 0.5933 0.5267 0.2 0.8 2 15 1.82084 0.812712 497.295 
0.35 0.35 0.0667 -0.0667 0.5933 0.5067 0.2 0.8 2 15 1.7761 0.813012 497.272 
0.35 0.35 0.0667 -0.0667 0.5933 0.4867 0.2 0.8 2 15 1.75808 0.823158 497.433 
0.35 0.35 0.0667 -0.0667 0.5933 0.4667 0.2 0.8 2 15 1.73489 0.821166 496.349 
0.35 0.35 0.0667 -0.0667 0.5933 0.4467 0.2 0.8 2 15 1.67408 0.822093 496.195 
0.35 0.35 0.0667 -0.0667 0.5933 0.4267 0.2 0.8 2 15 1.82757 0.832646 497.286 
0.35 0.35 0.0667 -0.0667 0.5933 0.4067 0.2 0.8 2 15 1.67576 0.839527 496.426 
0.35 0.35 0.0667 -0.0667 0.5933 0.3867 0.2 0.8 2 15 1.70856 0.836699 496.486 
0.35 0.35 0.0667 -0.0667 0.5933 0.3667 0.2 0.8 2 15 2.02885 0.840702 497.634 
0.35 0.35 0.0667 -0.0667 0.5933 0.3467 0.2 0.8 2 15 2.01942 0.847235 496.665 
0.35 0.35 0.0667 -0.0667 0.5933 0.3267 0.2 0.8 2 15 1.57636 0.757395 492.794 
0.35 0.35 0.0667 -0.0667 0.5933 0.3067 0.2 0.8 2 15 1.18225 0.850274 492.187 
0.35 0.35 0.0667 -0.0667 0.5933 0.2867 0.2 0.8 2 15 1.96416 0.858968 494.817 
0.35 0.35 0.0667 -0.0667 0.5933 0.2667 0.2 0.8 2 15 1.77975 0.854891 494.049 
0.35 0.35 0.0667 -0.0667 0.5933 0.2467 0.2 0.8 2 12.902 0 0.166088 486.204 
0.35 0.35 0.0667 -0.0667 0.5933 0.2267 0.2 0.8 2 15 1.82976 0.853864 494.9 
0.35 0.35 0.0667 -0.0667 0.5933 0.2067 0.2 0.8 2 15 1.41894 0.843714 494.41 
0.35 0.35 0.0667 -0.0667 0.5933 0.1867 0.2 0.8 2 15 1.56916 0.783891 493.386 
0.35 0.35 0.0667 -0.0667 0.5933 0.1667 0.2 0.8 2 15 1.5809 0.854706 496.009 
0.35 0.35 0.0667 -0.0667 0.5733 0.5467 0.2 0.8 2 15 1.71981 0.822481 496.749 
0.35 0.35 0.0667 -0.0667 0.5733 0.5267 0.2 0.8 2 15 1.6708 0.819707 496.998 
0.35 0.35 0.0667 -0.0667 0.5733 0.5067 0.2 0.8 2 15 1.76284 0.815872 497.121 
0.35 0.35 0.0667 -0.0667 0.5733 0.4867 0.2 0.8 2 15 1.39473 0.813668 494.546 
0.35 0.35 0.0667 -0.0667 0.5733 0.4667 0.2 0.8 2 15 1.81615 0.823532 496.58 
0.35 0.35 0.0667 -0.0667 0.5733 0.4467 0.2 0.8 2 15 1.65489 0.824366 495.604 
0.35 0.35 0.0667 -0.0667 0.5733 0.4267 0.2 0.8 2 15 1.5329 0.783118 493.915 
0.35 0.35 0.0667 -0.0667 0.5733 0.4067 0.2 0.8 2 15 1.54734 0.836334 496.564 
0.35 0.35 0.0667 -0.0667 0.5733 0.3867 0.2 0.8 2 15 1.67013 0.841033 496.739 
0.35 0.35 0.0667 -0.0667 0.5733 0.3667 0.2 0.8 2 15 1.81147 0.841544 497.34 
0.35 0.35 0.0667 -0.0667 0.5733 0.3467 0.2 0.8 2 15 1.89087 0.847289 497.507 
0.35 0.35 0.0667 -0.0667 0.5733 0.3267 0.2 0.8 2 15 2.13678 0.851783 497.756 
0.35 0.35 0.0667 -0.0667 0.5733 0.3067 0.2 0.8 2 15 1.91904 0.856551 495.787 
0.35 0.35 0.0667 -0.0667 0.5733 0.2867 0.2 0.8 2 15 2.37981 0.860597 496.773 
0.35 0.35 0.0667 -0.0667 0.5733 0.2667 0.2 0.8 2 15 1.6093 0.773262 493.149 
0.35 0.35 0.0667 -0.0667 0.5733 0.2467 0.2 0.8 2 15 2.20557 0.879007 497.505 
0.35 0.35 0.0667 -0.0667 0.5733 0.2267 0.2 0.8 2 15 1.97135 0.884135 497.804 
0.35 0.35 0.0667 -0.0667 0.5733 0.2067 0.2 0.8 2 15 1.76665 0.88927 497.602 
0.35 0.35 0.0667 -0.0667 0.5733 0.1867 0.2 0.8 2 15 1.83262 0.892093 497.57 
0.35 0.35 0.0667 -0.0667 0.5733 0.1667 0.2 0.8 2 15 1.72983 0.932282 497.64 
0.35 0.35 0.0667 -0.0667 0.5533 0.5467 0.2 0.8 2 15 1.60463 0.827311 496.304 
0.35 0.35 0.0667 -0.0667 0.5533 0.5267 0.2 0.8 2 15 1.65446 0.823444 496.675 
0.35 0.35 0.0667 -0.0667 0.5533 0.5067 0.2 0.8 2 15 1.73588 0.818711 496.926 
0.35 0.35 0.0667 -0.0667 0.5533 0.4867 0.2 0.8 2 15 0.893811 0.820944 494.494 
0.35 0.35 0.0667 -0.0667 0.5533 0.4667 0.2 0.8 2 15 1.69452 0.830845 495.605 
0.35 0.35 0.0667 -0.0667 0.5533 0.4467 0.2 0.8 2 15 1.78388 0.828555 495.697 
0.35 0.35 0.0667 -0.0667 0.5533 0.4267 0.2 0.8 2 15 1.40177 0.826774 493.559 
0.35 0.35 0.0667 -0.0667 0.5533 0.4067 0.2 0.8 2 15 1.60845 0.840138 496.276 
0.35 0.35 0.0667 -0.0667 0.5533 0.3867 0.2 0.8 2 15 1.80564 0.837992 496.979 
0.35 0.35 0.0667 -0.0667 0.5533 0.3667 0.2 0.8 2 15 1.70538 0.84587 497.208 
0.35 0.35 0.0667 -0.0667 0.5533 0.3467 0.2 0.8 2 15 1.59275 0.848727 496.678 
0.35 0.35 0.0667 -0.0667 0.5533 0.3267 0.2 0.8 2 15 1.71576 0.854696 497.327 
0.35 0.35 0.0667 -0.0667 0.5533 0.3067 0.2 0.8 2 15 1.95544 0.857094 497.07 
0.35 0.35 0.0667 -0.0667 0.5533 0.2867 0.2 0.8 2 15 2.14167 0.862857 497.645 
0.35 0.35 0.0667 -0.0667 0.5533 0.2667 0.2 0.8 2 15 1.71724 0.871046 497.42 
0.35 0.35 0.0667 -0.0667 0.5533 0.2467 0.2 0.8 2 15 1.6982 0.880546 497.539 
0.35 0.35 0.0667 -0.0667 0.5533 0.2267 0.2 0.8 2 15 1.60547 0.884669 497.351 
0.35 0.35 0.0667 -0.0667 0.5533 0.2067 0.2 0.8 2 15 1.64081 0.892015 497.559 
0.35 0.35 0.0667 -0.0667 0.5533 0.1867 0.2 0.8 2 15 1.59071 0.920503 497.475 
0.35 0.35 0.0667 -0.0667 0.5533 0.1667 0.2 0.8 2 15 1.55957 0.916759 497.368 
0.35 0.35 0.0667 -0.0667 0.5333 0.5467 0.2 0.8 2 15 1.54033 0.83011 495.629 
0.35 0.35 0.0667 -0.0667 0.5333 0.5267 0.2 0.8 2 15 1.63881 0.832004 496.323 
0.35 0.35 0.0667 -0.0667 0.5333 0.5067 0.2 0.8 2 15 1.62104 0.827086 495.897 
0.35 0.35 0.0667 -0.0667 0.5333 0.4867 0.2 0.8 2 15 1.78005 0.823648 496.576 
0.35 0.35 0.0667 -0.0667 0.5333 0.4667 0.2 0.8 2 15 1.56382 0.828288 495.655 
0.35 0.35 0.0667 -0.0667 0.5333 0.4467 0.2 0.8 2 15 0.873713 0.733267 489.515 
0.35 0.35 0.0667 -0.0667 0.5333 0.4267 0.2 0.8 2 15 1.53768 0.781527 491.554 
0.35 0.35 0.0667 -0.0667 0.5333 0.4067 0.2 0.8 2 15 1.7619 0.841837 496.156 
0.35 0.35 0.0667 -0.0667 0.5333 0.3867 0.2 0.8 2 15 1.73639 0.843723 496.415 
0.35 0.35 0.0667 -0.0667 0.5333 0.3667 0.2 0.8 2 15 1.71212 0.847899 496.861 
0.35 0.35 0.0667 -0.0667 0.5333 0.3467 0.2 0.8 2 15 1.61803 0.854684 497.096 
0.35 0.35 0.0667 -0.0667 0.5333 0.3267 0.2 0.8 2 15 1.5714 0.856434 497.096 
0.35 0.35 0.0667 -0.0667 0.5333 0.3067 0.2 0.8 2 15 1.54954 0.861451 497.155 
0.35 0.35 0.0667 -0.0667 0.5333 0.2867 0.2 0.8 2 15 1.5378 0.865008 497.17 
0.35 0.35 0.0667 -0.0667 0.5333 0.2667 0.2 0.8 2 15 1.63141 0.87036 497.273 
0.35 0.35 0.0667 -0.0667 0.5333 0.2467 0.2 0.8 2 15 1.57983 0.882471 497.357 
0.35 0.35 0.0667 -0.0667 0.5333 0.2267 0.2 0.8 2 15 1.4444 0.891042 497.319 
0.35 0.35 0.0667 -0.0667 0.5333 0.2067 0.2 0.8 2 15 1.39153 0.894718 497.261 
0.35 0.35 0.0667 -0.0667 0.5333 0.1867 0.2 0.8 2 15 1.34232 0.92016 497.175 
0.35 0.35 0.0667 -0.0667 0.5333 0.1667 0.2 0.8 2 15 1.4152 0.914837 496.736 
0.35 0.35 0.0667 -0.0667 0.5133 0.5467 0.2 0.8 2 15 1.29807 0.744324 492.483 
0.35 0.35 0.0667 -0.0667 0.5133 0.5267 0.2 0.8 2 15 1.49838 0.836549 495.088 
0.35 0.35 0.0667 -0.0667 0.5133 0.5067 0.2 0.8 2 15 1.32958 0.83846 495.293 
0.35 0.35 0.0667 -0.0667 0.5133 0.4867 0.2 0.8 2 10.634 0.992997 0.170336 485.009 
0.35 0.35 0.0667 -0.0667 0.5133 0.4667 0.2 0.8 2 15 1.51869 0.831022 495.516 
0.35 0.35 0.0667 -0.0667 0.5133 0.4467 0.2 0.8 2 15 1.29301 0.787459 494.857 
0.35 0.35 0.0667 -0.0667 0.5133 0.4267 0.2 0.8 2 2.8 0.130472 0.169762 461.874 
0.35 0.35 0.0667 -0.0667 0.5133 0.4067 0.2 0.8 2 15 1.50425 0.782545 493.399 
0.35 0.35 0.0667 -0.0667 0.5133 0.3867 0.2 0.8 2 15 1.29251 0.846466 495.332 
0.35 0.35 0.0667 -0.0667 0.5133 0.3667 0.2 0.8 2 15 1.73794 0.852263 496.439 
0.35 0.35 0.0667 -0.0667 0.5133 0.3467 0.2 0.8 2 15 1.55074 0.856865 496.614 
0.35 0.35 0.0667 -0.0667 0.5133 0.3267 0.2 0.8 2 15 1.56811 0.859315 496.866 
0.35 0.35 0.0667 -0.0667 0.5133 0.3067 0.2 0.8 2 15 1.44472 0.863759 497.048 
0.35 0.35 0.0667 -0.0667 0.5133 0.2867 0.2 0.8 2 15 1.44018 0.868195 497.059 
0.35 0.35 0.0667 -0.0667 0.5133 0.2667 0.2 0.8 2 15 1.37672 0.873563 497.045 
0.35 0.35 0.0667 -0.0667 0.5133 0.2467 0.2 0.8 2 15 1.38673 0.883532 497.143 
0.35 0.35 0.0667 -0.0667 0.5133 0.2267 0.2 0.8 2 15 1.33221 0.890676 497.176 
0.35 0.35 0.0667 -0.0667 0.5133 0.2067 0.2 0.8 2 15 1.2495 0.921778 497.066 
0.35 0.35 0.0667 -0.0667 0.5133 0.1867 0.2 0.8 2 15 1.23164 0.819886 494.417 
0.35 0.35 0.0667 -0.0667 0.5133 0.1667 0.2 0.8 2 15 1.25396 0.893057 496.428 
0.35 0.35 0.0667 -0.0667 0.4933 0.5467 0.2 0.8 2 15 1.5526 0.84549 496.223 
0.35 0.35 0.0667 -0.0667 0.4933 0.5267 0.2 0.8 2 15 1.51958 0.841194 495.728 
0.35 0.35 0.0667 -0.0667 0.4933 0.5067 0.2 0.8 2 15 1.37181 0.837449 495.001 
0.35 0.35 0.0667 -0.0667 0.4933 0.4867 0.2 0.8 2 15 1.373 0.834058 495.651 
0.35 0.35 0.0667 -0.0667 0.4933 0.4667 0.2 0.8 2 15 1.57933 0.836265 495.777 
0.35 0.35 0.0667 -0.0667 0.4933 0.4467 0.2 0.8 2 15 1.58511 0.840187 495.703 
0.35 0.35 0.0667 -0.0667 0.4933 0.4267 0.2 0.8 2 15 1.38178 0.841183 495.644 
0.35 0.35 0.0667 -0.0667 0.4933 0.4067 0.2 0.8 2 15 1.52445 0.843162 496.012 
0.35 0.35 0.0667 -0.0667 0.4933 0.3867 0.2 0.8 2 2.484 0.133338 0.167976 446.743 
0.35 0.35 0.0667 -0.0667 0.4933 0.3667 0.2 0.8 2 15 1.51425 0.856601 495.775 
0.35 0.35 0.0667 -0.0667 0.4933 0.3467 0.2 0.8 2 15 1.4439 0.85822 496.396 
0.35 0.35 0.0667 -0.0667 0.4933 0.3267 0.2 0.8 2 15 1.38392 0.863463 496.608 
0.35 0.35 0.0667 -0.0667 0.4933 0.3067 0.2 0.8 2 15 1.37687 0.867881 496.753 
0.35 0.35 0.0667 -0.0667 0.4933 0.2867 0.2 0.8 2 15 1.36401 0.873112 496.87 
0.35 0.35 0.0667 -0.0667 0.4933 0.2667 0.2 0.8 2 15 1.34266 0.874494 496.936 
0.35 0.35 0.0667 -0.0667 0.4933 0.2467 0.2 0.8 2 15 1.27019 0.887066 496.984 
0.35 0.35 0.0667 -0.0667 0.4933 0.2267 0.2 0.8 2 15 1.25581 0.892754 497.064 
0.35 0.35 0.0667 -0.0667 0.4933 0.2067 0.2 0.8 2 15 1.21724 0.92678 496.959 
0.35 0.35 0.0667 -0.0667 0.4933 0.1867 0.2 0.8 2 15 1.22866 0.904703 496.012 
0.35 0.35 0.0667 -0.0667 0.4933 0.1667 0.2 0.8 2 15 1.05415 0.892269 496.838 
0.35 0.35 0.0667 -0.0667 0.4733 0.5467 0.2 0.8 2 15 1.54431 0.854486 495.475 
0.35 0.35 0.0667 -0.0667 0.4733 0.5267 0.2 0.8 2 15 1.20008 0.851586 494.353 
0.35 0.35 0.0667 -0.0667 0.4733 0.5067 0.2 0.8 2 15 1.24006 0.846086 494.579 
0.35 0.35 0.0667 -0.0667 0.4733 0.4867 0.2 0.8 2 15 1.32815 0.84291 495.235 
0.35 0.35 0.0667 -0.0667 0.4733 0.4667 0.2 0.8 2 15 1.13342 0.838916 494.163 
0.35 0.35 0.0667 -0.0667 0.4733 0.4467 0.2 0.8 2 15 1.18276 0.841898 495.163 
0.35 0.35 0.0667 -0.0667 0.4733 0.4267 0.2 0.8 2 15 1.26779 0.844015 495.122 
0.35 0.35 0.0667 -0.0667 0.4733 0.4067 0.2 0.8 2 15 1.54357 0.849945 495.011 
0.35 0.35 0.0667 -0.0667 0.4733 0.3867 0.2 0.8 2 15 1.05414 0.790305 491.393 
0.35 0.35 0.0667 -0.0667 0.4733 0.3667 0.2 0.8 2 15 1.13654 0.862246 494.08 
0.35 0.35 0.0667 -0.0667 0.4733 0.3467 0.2 0.8 2 15 1.15106 0.863056 495.489 
0.35 0.35 0.0667 -0.0667 0.4733 0.3267 0.2 0.8 2 15 1.26001 0.867508 496.124 
0.35 0.35 0.0667 -0.0667 0.4733 0.3067 0.2 0.8 2 15 1.25274 0.872783 496.365 
0.35 0.35 0.0667 -0.0667 0.4733 0.2867 0.2 0.8 2 15 1.27662 0.874978 496.694 
0.35 0.35 0.0667 -0.0667 0.4733 0.2667 0.2 0.8 2 2.028 0.0265715 0.172901 436.304 
0.35 0.35 0.0667 -0.0667 0.4733 0.2467 0.2 0.8 2 1.95 0.112976 0.169873 432.756 
0.35 0.35 0.0667 -0.0667 0.4733 0.2267 0.2 0.8 2 15 1.16902 0.90362 496.928 
0.35 0.35 0.0667 -0.0667 0.4733 0.2067 0.2 0.8 2 15 1.04272 0.814414 494.047 
0.35 0.35 0.0667 -0.0667 0.4733 0.1867 0.2 0.8 2 15 0.976167 0.795392 495.395 
0.35 0.35 0.0667 -0.0667 0.4733 0.1667 0.2 0.8 2 15 1.04373 0.867903 496.63 
0.35 0.35 0.0667 -0.0667 0.4533 0.5467 0.2 0.8 2 15 1.43453 0.858464 495.54 
0.35 0.35 0.0667 -0.0667 0.4533 0.5267 0.2 0.8 2 15 1.47547 0.856631 495.613 
0.35 0.35 0.0667 -0.0667 0.4533 0.5067 0.2 0.8 2 15 1.14742 0.852086 494.387 
0.35 0.35 0.0667 -0.0667 0.4533 0.4867 0.2 0.8 2 15 0.87857 0.794089 493.972 
0.35 0.35 0.0667 -0.0667 0.4533 0.4667 0.2 0.8 2 15 1.16941 0.846 494.563 
0.35 0.35 0.0667 -0.0667 0.4533 0.4467 0.2 0.8 2 15 1.17614 0.846718 494.367 
0.35 0.35 0.0667 -0.0667 0.4533 0.4267 0.2 0.8 2 15 1.16095 0.818196 492.875 
0.35 0.35 0.0667 -0.0667 0.4533 0.4067 0.2 0.8 2 15 0.675902 0.801355 493.17 
0.35 0.35 0.0667 -0.0667 0.4533 0.3867 0.2 0.8 2 15 0.906798 0.847779 493.178 
0.35 0.35 0.0667 -0.0667 0.4533 0.3667 0.2 0.8 2 15 0.801994 0.640517 489.264 
0.35 0.35 0.0667 -0.0667 0.4533 0.3467 0.2 0.8 2 15 0.889108 0.867945 494.817 
0.35 0.35 0.0667 -0.0667 0.4533 0.3267 0.2 0.8 2 3.76 0.30579 0.163979 466.299 
0.35 0.35 0.0667 -0.0667 0.4533 0.3067 0.2 0.8 2 15 1.06846 0.877271 496.105 
0.35 0.35 0.0667 -0.0667 0.4533 0.2867 0.2 0.8 2 15 1.16758 0.879062 496.559 
0.35 0.35 0.0667 -0.0667 0.4533 0.2667 0.2 0.8 2 15 1.09753 0.886619 496.507 
0.35 0.35 0.0667 -0.0667 0.4533 0.2467 0.2 0.8 2 2.254 0.0992305 0.160682 439.181 
0.35 0.35 0.0667 -0.0667 0.4533 0.2267 0.2 0.8 2 1.956 0 0.172983 428.837 
0.35 0.35 0.0667 -0.0667 0.4533 0.2067 0.2 0.8 2 2.958 0.0152719 0.166154 440.838 
0.35 0.35 0.0667 -0.0667 0.4533 0.1867 0.2 0.8 2 15 1.03914 0.880965 495.646 
0.35 0.35 0.0667 -0.0667 0.4533 0.1667 0.2 0.8 2 15 0.727272 0.854365 496.281 
0.35 0.35 0.0667 -0.0667 0.4333 0.5467 0.2 0.8 2 15 1.4515 0.860134 495.379 
0.35 0.35 0.0667 -0.0667 0.4333 0.5267 0.2 0.8 2 15 1.22908 0.860042 494.631 
0.35 0.35 0.0667 -0.0667 0.4333 0.5067 0.2 0.8 2 15 0.970141 0.854871 494.078 
0.35 0.35 0.0667 -0.0667 0.4333 0.4867 0.2 0.8 2 15 1.2845 0.853591 494.288 
0.35 0.35 0.0667 -0.0667 0.4333 0.4667 0.2 0.8 2 15 0.998127 0.792772 492.813 
0.35 0.35 0.0667 -0.0667 0.4333 0.4467 0.2 0.8 2 15 1.00881 0.841657 493.222 
0.35 0.35 0.0667 -0.0667 0.4333 0.4267 0.2 0.8 2 15 1.02337 0.802518 491.169 
0.35 0.35 0.0667 -0.0667 0.4333 0.4067 0.2 0.8 2 15 0.736427 0.79624 493.894 
0.35 0.35 0.0667 -0.0667 0.4333 0.3867 0.2 0.8 2 15 0.900083 0.796206 491.935 
0.35 0.35 0.0667 -0.0667 0.4333 0.3667 0.2 0.8 2 1.954 0.341633 0.172062 423.763 
0.35 0.35 0.0667 -0.0667 0.4333 0.3467 0.2 0.8 2 4.216 0 0.16177 468.74 
0.35 0.35 0.0667 -0.0667 0.4333 0.3267 0.2 0.8 2 15 1.00141 0.8773 495.582 
0.35 0.35 0.0667 -0.0667 0.4333 0.3067 0.2 0.8 2 15 1.08887 0.880704 496.083 
0.35 0.35 0.0667 -0.0667 0.4333 0.2867 0.2 0.8 2 15 1.00674 0.880768 496.063 
0.35 0.35 0.0667 -0.0667 0.4333 0.2667 0.2 0.8 2 15 1.10097 0.910877 495.727 
0.35 0.35 0.0667 -0.0667 0.4333 0.2467 0.2 0.8 2 15 1.06508 0.780664 491.398 
0.35 0.35 0.0667 -0.0667 0.4333 0.2267 0.2 0.8 2 15 0.862721 0.84375 494.152 
0.35 0.35 0.0667 -0.0667 0.4333 0.2067 0.2 0.8 2 15 1.00117 0.80658 492.573 
0.35 0.35 0.0667 -0.0667 0.4333 0.1867 0.2 0.8 2 15 0.851765 0.883365 496.396 
0.35 0.35 0.0667 -0.0667 0.4333 0.1667 0.2 0.8 2 15 0.712352 0.875361 496.235 
