d_amplitudeForeHip d_amplitudeHindHip d_offsetForeHip d_offsetHindHip d_amplitudeForeKnee d_amplitudeHindKnee d_offsetKnee d_kneePhaseLag d_frequency d_duration distance angle stability
0.25 0.25 0.0667 -0.0667 0.8133 0.5467 0.2 0.8 2 8.572 0.29825 0.167466 472.261 
0.25 0.25 0.0667 -0.0667 0.8133 0.5267 0.2 0.8 2 10.356 0.335502 0.172264 476.634 
0.25 0.25 0.0667 -0.0667 0.8133 0.5067 0.2 0.8 2 13.878 0.253058 0.168166 476.89 
0.25 0.25 0.0667 -0.0667 0.8133 0.4867 0.2 0.8 2 2.61 0 0.172975 442.506 
0.25 0.25 0.0667 -0.0667 0.8133 0.4667 0.2 0.8 2 2.966 0.030172 0.169061 452.948 
0.25 0.25 0.0667 -0.0667 0.8133 0.4467 0.2 0.8 2 15 0.219714 0.821679 484.935 
0.25 0.25 0.0667 -0.0667 0.8133 0.4267 0.2 0.8 2 15 0.211796 0.808408 486.854 
0.25 0.25 0.0667 -0.0667 0.8133 0.4067 0.2 0.8 2 2.832 0.0906212 0.172414 456.167 
0.25 0.25 0.0667 -0.0667 0.8133 0.3867 0.2 0.8 2 10.336 0.2187 0.171933 473.882 
0.25 0.25 0.0667 -0.0667 0.8133 0.3667 0.2 0.8 2 15 0.549531 0.798097 486.322 
0.25 0.25 0.0667 -0.0667 0.8133 0.3467 0.2 0.8 2 15 0 0.825877 486.737 
0.25 0.25 0.0667 -0.0667 0.8133 0.3267 0.2 0.8 2 15 0.522536 0.795941 487.846 
0.25 0.25 0.0667 -0.0667 0.8133 0.3067 0.2 0.8 2 15 0.328998 0.7948 486.874 
0.25 0.25 0.0667 -0.0667 0.8133 0.2867 0.2 0.8 2 15 0.151081 0.775056 483.579 
0.25 0.25 0.0667 -0.0667 0.8133 0.2667 0.2 0.8 2 15 0.339758 0.798918 486.94 
0.25 0.25 0.0667 -0.0667 0.8133 0.2467 0.2 0.8 2 6.012 0.292914 0.172098 463.422 
0.25 0.25 0.0667 -0.0667 0.8133 0.2267 0.2 0.8 2 15 0.46466 0.792968 487.432 
0.25 0.25 0.0667 -0.0667 0.8133 0.2067 0.2 0.8 2 15 0 0.822084 487.673 
0.25 0.25 0.0667 -0.0667 0.8133 0.1867 0.2 0.8 2 15 0.249025 0.817389 488.855 
0.25 0.25 0.0667 -0.0667 0.8133 0.1667 0.2 0.8 2 15 0.436096 0.826305 486.978 
0.25 0.25 0.0667 -0.0667 0.7933 0.5467 0.2 0.8 2 7.056 0.105452 0.164082 474.995 
0.25 0.25 0.0667 -0.0667 0.7933 0.5267 0.2 0.8 2 15 0 0.812467 485.613 
0.25 0.25 0.0667 -0.0667 0.7933 0.5067 0.2 0.8 2 5.992 0.281032 0.170649 474.525 
0.25 0.25 0.0667 -0.0667 0.7933 0.4867 0.2 0.8 2 12.722 0.263003 0.172729 478.958 
0.25 0.25 0.0667 -0.0667 0.7933 0.4667 0.2 0.8 2 15 0.394457 0.763988 481.933 
0.25 0.25 0.0667 -0.0667 0.7933 0.4467 0.2 0.8 2 15 0.49361 0.859961 487.431 
0.25 0.25 0.0667 -0.0667 0.7933 0.4267 0.2 0.8 2 13.14 0.319625 0.167876 477.749 
0.25 0.25 0.0667 -0.0667 0.7933 0.4067 0.2 0.8 2 15 0.347393 0.785322 486.816 
0.25 0.25 0.0667 -0.0667 0.7933 0.3867 0.2 0.8 2 15 0.390353 0.783884 485.653 
0.25 0.25 0.0667 -0.0667 0.7933 0.3667 0.2 0.8 2 15 0 0.847689 487.573 
0.25 0.25 0.0667 -0.0667 0.7933 0.3467 0.2 0.8 2 15 0.45902 0.790617 486.473 
0.25 0.25 0.0667 -0.0667 0.7933 0.3267 0.2 0.8 2 15 0.469032 0.802345 485.608 
0.25 0.25 0.0667 -0.0667 0.7933 0.3067 0.2 0.8 2 4.822 0.0474116 0.170013 464.494 
0.25 0.25 0.0667 -0.0667 0.7933 0.2867 0.2 0.8 2 15 0.431129 0.816915 486.277 
0.25 0.25 0.0667 -0.0667 0.7933 0.2667 0.2 0.8 2 15 0.408471 0.834799 487.692 
0.25 0.25 0.0667 -0.0667 0.7933 0.2467 0.2 0.8 2 15 0.382415 0.806506 487.339 
0.25 0.25 0.0667 -0.0667 0.7933 0.2267 0.2 0.8 2 15 0.536819 0.811313 487.258 
0.25 0.25 0.0667 -0.0667 0.7933 0.2067 0.2 0.8 2 15 0.580085 0.810756 487.508 
0.25 0.25 0.0667 -0.0667 0.7933 0.1867 0.2 0.8 2 15 0.382224 0.801772 486.699 
0.25 0.25 0.0667 -0.0667 0.7933 0.1667 0.2 0.8 2 15 0.465119 0.854321 488.566 
0.25 0.25 0.0667 -0.0667 0.7733 0.5467 0.2 0.8 2 15 0.27246 0.769145 484.097 
0.25 0.25 0.0667 -0.0667 0.7733 0.5267 0.2 0.8 2 15 0.395397 0.794112 487.835 
0.25 0.25 0.0667 -0.0667 0.7733 0.5067 0.2 0.8 2 8.476 0.124119 0.166778 476.783 
0.25 0.25 0.0667 -0.0667 0.7733 0.4867 0.2 0.8 2 6.972 0.020844 0.165947 476.47 
0.25 0.25 0.0667 -0.0667 0.7733 0.4667 0.2 0.8 2 5.346 0.201133 0.163778 471.076 
0.25 0.25 0.0667 -0.0667 0.7733 0.4467 0.2 0.8 2 2.322 0.0806055 0.171806 454.971 
0.25 0.25 0.0667 -0.0667 0.7733 0.4267 0.2 0.8 2 15 0.379199 0.858594 488.219 
0.25 0.25 0.0667 -0.0667 0.7733 0.4067 0.2 0.8 2 15 0.237402 0.823146 486.756 
0.25 0.25 0.0667 -0.0667 0.7733 0.3867 0.2 0.8 2 15 0.484471 0.781879 488.095 
0.25 0.25 0.0667 -0.0667 0.7733 0.3667 0.2 0.8 2 6.568 0.131103 0.173437 474.744 
0.25 0.25 0.0667 -0.0667 0.7733 0.3467 0.2 0.8 2 15 0.446314 0.840808 488.008 
0.25 0.25 0.0667 -0.0667 0.7733 0.3267 0.2 0.8 2 15 0.356925 0.812003 487.349 
0.25 0.25 0.0667 -0.0667 0.7733 0.3067 0.2 0.8 2 15 0.43812 0.852474 487.55 
0.25 0.25 0.0667 -0.0667 0.7733 0.2867 0.2 0.8 2 15 0.335418 0.812202 488.217 
0.25 0.25 0.0667 -0.0667 0.7733 0.2667 0.2 0.8 2 10.484 0 0.172558 471.225 
0.25 0.25 0.0667 -0.0667 0.7733 0.2467 0.2 0.8 2 15 0.490553 0.801313 485.947 
0.25 0.25 0.0667 -0.0667 0.7733 0.2267 0.2 0.8 2 15 0 0.827436 487.753 
0.25 0.25 0.0667 -0.0667 0.7733 0.2067 0.2 0.8 2 15 0.440845 0.821327 487.779 
0.25 0.25 0.0667 -0.0667 0.7733 0.1867 0.2 0.8 2 15 0.0693016 0.816037 487.577 
0.25 0.25 0.0667 -0.0667 0.7733 0.1667 0.2 0.8 2 15 0.465175 0.836717 488.806 
0.25 0.25 0.0667 -0.0667 0.7533 0.5467 0.2 0.8 2 15 0.304314 0.78078 486.211 
0.25 0.25 0.0667 -0.0667 0.7533 0.5267 0.2 0.8 2 13.858 0.338891 0.168288 479.023 
0.25 0.25 0.0667 -0.0667 0.7533 0.5067 0.2 0.8 2 2.322 0.0876404 0.16699 453.924 
0.25 0.25 0.0667 -0.0667 0.7533 0.4867 0.2 0.8 2 15 0.460574 0.811816 487.41 
0.25 0.25 0.0667 -0.0667 0.7533 0.4667 0.2 0.8 2 15 0.502881 0.793062 485.251 
0.25 0.25 0.0667 -0.0667 0.7533 0.4467 0.2 0.8 2 15 0.279568 0.769965 482.901 
0.25 0.25 0.0667 -0.0667 0.7533 0.4267 0.2 0.8 2 15 0.3156 0.696348 486.404 
0.25 0.25 0.0667 -0.0667 0.7533 0.4067 0.2 0.8 2 15 0.449389 0.804272 488.332 
0.25 0.25 0.0667 -0.0667 0.7533 0.3867 0.2 0.8 2 15 0.53094 0.84542 487.041 
0.25 0.25 0.0667 -0.0667 0.7533 0.3667 0.2 0.8 2 15 0.244154 0.792757 486.988 
0.25 0.25 0.0667 -0.0667 0.7533 0.3467 0.2 0.8 2 15 0.252382 0.798074 487.948 
0.25 0.25 0.0667 -0.0667 0.7533 0.3267 0.2 0.8 2 15 0.473175 0.833338 488.531 
0.25 0.25 0.0667 -0.0667 0.7533 0.3067 0.2 0.8 2 15 0.277559 0.785743 487.227 
0.25 0.25 0.0667 -0.0667 0.7533 0.2867 0.2 0.8 2 15 0.448561 0.786699 483.018 
0.25 0.25 0.0667 -0.0667 0.7533 0.2667 0.2 0.8 2 15 0.483626 0.799027 487.389 
0.25 0.25 0.0667 -0.0667 0.7533 0.2467 0.2 0.8 2 15 0.508205 0.824128 487.435 
0.25 0.25 0.0667 -0.0667 0.7533 0.2267 0.2 0.8 2 15 0.466941 0.798507 487.097 
0.25 0.25 0.0667 -0.0667 0.7533 0.2067 0.2 0.8 2 15 0.29011 0.812509 486.598 
0.25 0.25 0.0667 -0.0667 0.7533 0.1867 0.2 0.8 2 15 0.229088 0.851866 487.084 
0.25 0.25 0.0667 -0.0667 0.7533 0.1667 0.2 0.8 2 15 0.370114 0.869419 487.945 
0.25 0.25 0.0667 -0.0667 0.7333 0.5467 0.2 0.8 2 15 0.593402 0.772172 487.797 
0.25 0.25 0.0667 -0.0667 0.7333 0.5267 0.2 0.8 2 7.68 0.131639 0.164928 472.818 
0.25 0.25 0.0667 -0.0667 0.7333 0.5067 0.2 0.8 2 10.228 0.165908 0.170677 477.395 
0.25 0.25 0.0667 -0.0667 0.7333 0.4867 0.2 0.8 2 6.472 0.0757605 0.169148 471.859 
0.25 0.25 0.0667 -0.0667 0.7333 0.4667 0.2 0.8 2 9.328 0.36468 0.171412 477.505 
0.25 0.25 0.0667 -0.0667 0.7333 0.4467 0.2 0.8 2 3.204 0.113335 0.163899 466.531 
0.25 0.25 0.0667 -0.0667 0.7333 0.4267 0.2 0.8 2 15 0.0746091 0.793775 484.775 
0.25 0.25 0.0667 -0.0667 0.7333 0.4067 0.2 0.8 2 7.328 0.171795 0.172797 472.625 
0.25 0.25 0.0667 -0.0667 0.7333 0.3867 0.2 0.8 2 10.236 0.269002 0.170321 477.083 
0.25 0.25 0.0667 -0.0667 0.7333 0.3667 0.2 0.8 2 9.506 0.158849 0.170655 478.373 
0.25 0.25 0.0667 -0.0667 0.7333 0.3467 0.2 0.8 2 3.738 0 0.165309 455.41 
0.25 0.25 0.0667 -0.0667 0.7333 0.3267 0.2 0.8 2 6.152 0.203159 0.168607 472.376 
0.25 0.25 0.0667 -0.0667 0.7333 0.3067 0.2 0.8 2 2.77 0.328125 0.173512 452.831 
0.25 0.25 0.0667 -0.0667 0.7333 0.2867 0.2 0.8 2 15 0.475896 0.79472 485.153 
0.25 0.25 0.0667 -0.0667 0.7333 0.2667 0.2 0.8 2 15 0.332048 0.791796 487.448 
0.25 0.25 0.0667 -0.0667 0.7333 0.2467 0.2 0.8 2 4.578 0.2398 0.172026 460.642 
0.25 0.25 0.0667 -0.0667 0.7333 0.2267 0.2 0.8 2 15 0.570692 0.811799 488.745 
0.25 0.25 0.0667 -0.0667 0.7333 0.2067 0.2 0.8 2 15 0.482261 0.826366 487.764 
0.25 0.25 0.0667 -0.0667 0.7333 0.1867 0.2 0.8 2 6.466 0.219139 0.169726 471.596 
0.25 0.25 0.0667 -0.0667 0.7333 0.1667 0.2 0.8 2 15 0.34039 0.820546 487.898 
0.25 0.25 0.0667 -0.0667 0.7133 0.5467 0.2 0.8 2 15 0.848523 0.780772 487.176 
0.25 0.25 0.0667 -0.0667 0.7133 0.5267 0.2 0.8 2 5.43 0.094398 0.170375 473.586 
0.25 0.25 0.0667 -0.0667 0.7133 0.5067 0.2 0.8 2 15 0.451518 0.792569 483.609 
0.25 0.25 0.0667 -0.0667 0.7133 0.4867 0.2 0.8 2 11.872 0.466905 0.167029 476.575 
0.25 0.25 0.0667 -0.0667 0.7133 0.4667 0.2 0.8 2 15 0.380538 0.785288 478.778 
0.25 0.25 0.0667 -0.0667 0.7133 0.4467 0.2 0.8 2 15 0.414513 0.810806 487.477 
0.25 0.25 0.0667 -0.0667 0.7133 0.4267 0.2 0.8 2 2.188 0.0475183 0.166977 457.891 
0.25 0.25 0.0667 -0.0667 0.7133 0.4067 0.2 0.8 2 15 0.385419 0.8255 487.187 
0.25 0.25 0.0667 -0.0667 0.7133 0.3867 0.2 0.8 2 7.708 0.286275 0.167527 470.313 
0.25 0.25 0.0667 -0.0667 0.7133 0.3667 0.2 0.8 2 9.034 0.353901 0.168018 478.855 
0.25 0.25 0.0667 -0.0667 0.7133 0.3467 0.2 0.8 2 15 0.558904 0.840355 487.86 
0.25 0.25 0.0667 -0.0667 0.7133 0.3267 0.2 0.8 2 15 0.484288 0.806789 488 
0.25 0.25 0.0667 -0.0667 0.7133 0.3067 0.2 0.8 2 12.878 0.165586 0.17258 476.971 
0.25 0.25 0.0667 -0.0667 0.7133 0.2867 0.2 0.8 2 14.716 0.618523 0.170664 475.887 
0.25 0.25 0.0667 -0.0667 0.7133 0.2667 0.2 0.8 2 15 0.187757 0.802383 484.802 
0.25 0.25 0.0667 -0.0667 0.7133 0.2467 0.2 0.8 2 14.936 0 0.168757 470.694 
0.25 0.25 0.0667 -0.0667 0.7133 0.2267 0.2 0.8 2 15 0.176804 0.788812 486.736 
0.25 0.25 0.0667 -0.0667 0.7133 0.2067 0.2 0.8 2 13.93 0.00961126 0.173657 475.12 
0.25 0.25 0.0667 -0.0667 0.7133 0.1867 0.2 0.8 2 15 0.569164 0.827962 488.18 
0.25 0.25 0.0667 -0.0667 0.7133 0.1667 0.2 0.8 2 15 0.519269 0.863397 488.714 
0.25 0.25 0.0667 -0.0667 0.6933 0.5467 0.2 0.8 2 2.91 0.0860421 0.165969 463.393 
0.25 0.25 0.0667 -0.0667 0.6933 0.5267 0.2 0.8 2 15 0.55028 0.800297 485.691 
0.25 0.25 0.0667 -0.0667 0.6933 0.5067 0.2 0.8 2 15 0.582424 0.803704 487.933 
0.25 0.25 0.0667 -0.0667 0.6933 0.4867 0.2 0.8 2 4.968 0.207048 0.162827 473.956 
0.25 0.25 0.0667 -0.0667 0.6933 0.4667 0.2 0.8 2 15 0.473511 0.784993 484.092 
0.25 0.25 0.0667 -0.0667 0.6933 0.4467 0.2 0.8 2 15 0.315796 0.811938 485.236 
0.25 0.25 0.0667 -0.0667 0.6933 0.4267 0.2 0.8 2 15 0.420855 0.790837 485.124 
0.25 0.25 0.0667 -0.0667 0.6933 0.4067 0.2 0.8 2 15 0.451338 0.809013 485.837 
0.25 0.25 0.0667 -0.0667 0.6933 0.3867 0.2 0.8 2 12.826 0.294277 0.167388 476.29 
0.25 0.25 0.0667 -0.0667 0.6933 0.3667 0.2 0.8 2 15 0.470449 0.740836 482.677 
0.25 0.25 0.0667 -0.0667 0.6933 0.3467 0.2 0.8 2 11.058 0.288038 0.169299 481.43 
0.25 0.25 0.0667 -0.0667 0.6933 0.3267 0.2 0.8 2 13.504 0.565989 0.171268 478.944 
0.25 0.25 0.0667 -0.0667 0.6933 0.3067 0.2 0.8 2 15 0.20542 0.769093 485.368 
0.25 0.25 0.0667 -0.0667 0.6933 0.2867 0.2 0.8 2 15 0.319634 0.709032 483.561 
0.25 0.25 0.0667 -0.0667 0.6933 0.2667 0.2 0.8 2 15 0.415215 0.811159 485.253 
0.25 0.25 0.0667 -0.0667 0.6933 0.2467 0.2 0.8 2 15 0.478256 0.803511 487.375 
0.25 0.25 0.0667 -0.0667 0.6933 0.2267 0.2 0.8 2 15 0.702161 0.803146 489.282 
0.25 0.25 0.0667 -0.0667 0.6933 0.2067 0.2 0.8 2 15 0.37661 0.78226 484.538 
0.25 0.25 0.0667 -0.0667 0.6933 0.1867 0.2 0.8 2 6.158 0.28727 0.171737 467.695 
0.25 0.25 0.0667 -0.0667 0.6933 0.1667 0.2 0.8 2 15 0.173184 0.841355 488.186 
0.25 0.25 0.0667 -0.0667 0.6733 0.5467 0.2 0.8 2 15 0.692644 0.818033 490.008 
0.25 0.25 0.0667 -0.0667 0.6733 0.5267 0.2 0.8 2 15 0.733534 0.832496 490.338 
0.25 0.25 0.0667 -0.0667 0.6733 0.5067 0.2 0.8 2 15 0.332795 0.810665 485.681 
0.25 0.25 0.0667 -0.0667 0.6733 0.4867 0.2 0.8 2 15 0.529829 0.770034 485.094 
0.25 0.25 0.0667 -0.0667 0.6733 0.4667 0.2 0.8 2 15 0.812185 0.829723 488.492 
0.25 0.25 0.0667 -0.0667 0.6733 0.4467 0.2 0.8 2 6.328 0 0.168403 470.753 
0.25 0.25 0.0667 -0.0667 0.6733 0.4267 0.2 0.8 2 15 0.608711 0.799864 487.624 
0.25 0.25 0.0667 -0.0667 0.6733 0.4067 0.2 0.8 2 15 0.694374 0.804957 489.005 
0.25 0.25 0.0667 -0.0667 0.6733 0.3867 0.2 0.8 2 15 0.505363 0.730698 481.879 
0.25 0.25 0.0667 -0.0667 0.6733 0.3667 0.2 0.8 2 15 0.154214 0.805466 483.976 
0.25 0.25 0.0667 -0.0667 0.6733 0.3467 0.2 0.8 2 13.222 0.589216 0.171897 477.502 
0.25 0.25 0.0667 -0.0667 0.6733 0.3267 0.2 0.8 2 15 0.478442 0.806601 486.885 
0.25 0.25 0.0667 -0.0667 0.6733 0.3067 0.2 0.8 2 9.226 0.314399 0.171119 480.952 
0.25 0.25 0.0667 -0.0667 0.6733 0.2867 0.2 0.8 2 15 0.613678 0.860929 489.788 
0.25 0.25 0.0667 -0.0667 0.6733 0.2667 0.2 0.8 2 15 0.486048 0.824138 488.318 
0.25 0.25 0.0667 -0.0667 0.6733 0.2467 0.2 0.8 2 6.726 0.454181 0.169826 470.45 
0.25 0.25 0.0667 -0.0667 0.6733 0.2267 0.2 0.8 2 15 0.278716 0.80374 487.153 
0.25 0.25 0.0667 -0.0667 0.6733 0.2067 0.2 0.8 2 15 0.442365 0.811081 486.652 
0.25 0.25 0.0667 -0.0667 0.6733 0.1867 0.2 0.8 2 15 0.622217 0.838274 490.34 
0.25 0.25 0.0667 -0.0667 0.6733 0.1667 0.2 0.8 2 15 0.520943 0.88549 490.88 
0.25 0.25 0.0667 -0.0667 0.6533 0.5467 0.2 0.8 2 15 0.606317 0.769867 486.914 
0.25 0.25 0.0667 -0.0667 0.6533 0.5267 0.2 0.8 2 15 0.675552 0.820944 490.682 
0.25 0.25 0.0667 -0.0667 0.6533 0.5067 0.2 0.8 2 15 0.939405 0.82899 491.09 
0.25 0.25 0.0667 -0.0667 0.6533 0.4867 0.2 0.8 2 15 0.914275 0.838263 489.712 
0.25 0.25 0.0667 -0.0667 0.6533 0.4667 0.2 0.8 2 15 0.725418 0.788634 485.342 
0.25 0.25 0.0667 -0.0667 0.6533 0.4467 0.2 0.8 2 9.918 0.281526 0.16267 477.229 
0.25 0.25 0.0667 -0.0667 0.6533 0.4267 0.2 0.8 2 15 0.502477 0.825478 485.896 
0.25 0.25 0.0667 -0.0667 0.6533 0.4067 0.2 0.8 2 7.688 0.267402 0.163786 479.167 
0.25 0.25 0.0667 -0.0667 0.6533 0.3867 0.2 0.8 2 15 0.398794 0.794252 486.521 
0.25 0.25 0.0667 -0.0667 0.6533 0.3667 0.2 0.8 2 10.52 0.230946 0.170418 475.215 
0.25 0.25 0.0667 -0.0667 0.6533 0.3467 0.2 0.8 2 6.436 0.158596 0.16295 473.39 
0.25 0.25 0.0667 -0.0667 0.6533 0.3267 0.2 0.8 2 15 0.562419 0.681312 480.419 
0.25 0.25 0.0667 -0.0667 0.6533 0.3067 0.2 0.8 2 7.52 0.324724 0.167272 478.387 
0.25 0.25 0.0667 -0.0667 0.6533 0.2867 0.2 0.8 2 15 0.611688 0.817638 487.453 
0.25 0.25 0.0667 -0.0667 0.6533 0.2667 0.2 0.8 2 15 0.642109 0.81189 488.314 
0.25 0.25 0.0667 -0.0667 0.6533 0.2467 0.2 0.8 2 15 0.558706 0.761102 485.615 
0.25 0.25 0.0667 -0.0667 0.6533 0.2267 0.2 0.8 2 15 0.401053 0.835926 489.583 
0.25 0.25 0.0667 -0.0667 0.6533 0.2067 0.2 0.8 2 15 0.403372 0.884877 489.598 
0.25 0.25 0.0667 -0.0667 0.6533 0.1867 0.2 0.8 2 15 0.270001 0.813419 489.922 
0.25 0.25 0.0667 -0.0667 0.6533 0.1667 0.2 0.8 2 15 0.452714 0.843589 489.978 
0.25 0.25 0.0667 -0.0667 0.6333 0.5467 0.2 0.8 2 15 1.22077 0.828277 492.721 
0.25 0.25 0.0667 -0.0667 0.6333 0.5267 0.2 0.8 2 15 0.776441 0.820245 488.095 
0.25 0.25 0.0667 -0.0667 0.6333 0.5067 0.2 0.8 2 15 1.24137 0.834088 493.01 
0.25 0.25 0.0667 -0.0667 0.6333 0.4867 0.2 0.8 2 15 1.19572 0.849176 492.792 
0.25 0.25 0.0667 -0.0667 0.6333 0.4667 0.2 0.8 2 15 0.823521 0.826614 487.918 
0.25 0.25 0.0667 -0.0667 0.6333 0.4467 0.2 0.8 2 2.44 0.12424 0.17164 457.89 
0.25 0.25 0.0667 -0.0667 0.6333 0.4267 0.2 0.8 2 15 0.857085 0.841101 489.866 
0.25 0.25 0.0667 -0.0667 0.6333 0.4067 0.2 0.8 2 15 0.635295 0.813833 487.988 
0.25 0.25 0.0667 -0.0667 0.6333 0.3867 0.2 0.8 2 12.792 0.320086 0.163899 475.497 
0.25 0.25 0.0667 -0.0667 0.6333 0.3667 0.2 0.8 2 15 0.334021 0.808357 485.189 
0.25 0.25 0.0667 -0.0667 0.6333 0.3467 0.2 0.8 2 15 0.377543 0.825643 486.32 
0.25 0.25 0.0667 -0.0667 0.6333 0.3267 0.2 0.8 2 2.288 0.0830113 0.167322 458.784 
0.25 0.25 0.0667 -0.0667 0.6333 0.3067 0.2 0.8 2 15 0.467841 0.813427 487.669 
0.25 0.25 0.0667 -0.0667 0.6333 0.2867 0.2 0.8 2 6.746 0.17151 0.173282 472.069 
0.25 0.25 0.0667 -0.0667 0.6333 0.2667 0.2 0.8 2 4.194 0.357888 0.173097 450.653 
0.25 0.25 0.0667 -0.0667 0.6333 0.2467 0.2 0.8 2 15 0.570282 0.823822 488.927 
0.25 0.25 0.0667 -0.0667 0.6333 0.2267 0.2 0.8 2 15 0.573914 0.761123 485.172 
0.25 0.25 0.0667 -0.0667 0.6333 0.2067 0.2 0.8 2 15 0.529679 0.82823 487.973 
0.25 0.25 0.0667 -0.0667 0.6333 0.1867 0.2 0.8 2 15 0.474425 0.838958 489.906 
0.25 0.25 0.0667 -0.0667 0.6333 0.1667 0.2 0.8 2 15 0.510929 0.811034 490.082 
0.25 0.25 0.0667 -0.0667 0.6133 0.5467 0.2 0.8 2 15 1.21464 0.82793 492.399 
0.25 0.25 0.0667 -0.0667 0.6133 0.5267 0.2 0.8 2 15 1.17165 0.849034 493.14 
0.25 0.25 0.0667 -0.0667 0.6133 0.5067 0.2 0.8 2 12.618 0.448719 0.166506 485.055 
0.25 0.25 0.0667 -0.0667 0.6133 0.4867 0.2 0.8 2 15 0.982551 0.824737 490.591 
0.25 0.25 0.0667 -0.0667 0.6133 0.4667 0.2 0.8 2 15 1.26181 0.851958 494.408 
0.25 0.25 0.0667 -0.0667 0.6133 0.4467 0.2 0.8 2 15 0.981923 0.819375 490.665 
0.25 0.25 0.0667 -0.0667 0.6133 0.4267 0.2 0.8 2 15 0.0424087 0.795173 482.525 
0.25 0.25 0.0667 -0.0667 0.6133 0.4067 0.2 0.8 2 15 0.506034 0.761443 487.812 
0.25 0.25 0.0667 -0.0667 0.6133 0.3867 0.2 0.8 2 15 0.72203 0.778494 484.078 
0.25 0.25 0.0667 -0.0667 0.6133 0.3667 0.2 0.8 2 15 0.369975 0.83496 487.729 
0.25 0.25 0.0667 -0.0667 0.6133 0.3467 0.2 0.8 2 15 0.637257 0.759073 486.07 
0.25 0.25 0.0667 -0.0667 0.6133 0.3267 0.2 0.8 2 15 0.456368 0.81827 486.048 
0.25 0.25 0.0667 -0.0667 0.6133 0.3067 0.2 0.8 2 2.256 0.0949966 0.168766 459.114 
0.25 0.25 0.0667 -0.0667 0.6133 0.2867 0.2 0.8 2 15 0.512644 0.734018 482.922 
0.25 0.25 0.0667 -0.0667 0.6133 0.2667 0.2 0.8 2 15 0.703167 0.800302 488.138 
0.25 0.25 0.0667 -0.0667 0.6133 0.2467 0.2 0.8 2 15 0.418273 0.79361 484.731 
0.25 0.25 0.0667 -0.0667 0.6133 0.2267 0.2 0.8 2 15 0.476524 0.868854 489.979 
0.25 0.25 0.0667 -0.0667 0.6133 0.2067 0.2 0.8 2 15 0.744871 0.79995 489.062 
0.25 0.25 0.0667 -0.0667 0.6133 0.1867 0.2 0.8 2 15 0.561418 0.842691 490.894 
0.25 0.25 0.0667 -0.0667 0.6133 0.1667 0.2 0.8 2 15 0.611166 0.827886 488.718 
0.25 0.25 0.0667 -0.0667 0.5933 0.5467 0.2 0.8 2 15 1.30454 0.83659 493.884 
0.25 0.25 0.0667 -0.0667 0.5933 0.5267 0.2 0.8 2 15 1.29949 0.844536 493.892 
0.25 0.25 0.0667 -0.0667 0.5933 0.5067 0.2 0.8 2 15 1.284 0.844464 493.192 
0.25 0.25 0.0667 -0.0667 0.5933 0.4867 0.2 0.8 2 15 1.11702 0.843369 492.658 
0.25 0.25 0.0667 -0.0667 0.5933 0.4667 0.2 0.8 2 15 1.25656 0.850319 492.864 
0.25 0.25 0.0667 -0.0667 0.5933 0.4467 0.2 0.8 2 15 1.01118 0.822398 491.201 
0.25 0.25 0.0667 -0.0667 0.5933 0.4267 0.2 0.8 2 15 1.13917 0.838405 491.867 
0.25 0.25 0.0667 -0.0667 0.5933 0.4067 0.2 0.8 2 15 0 0.776999 486.04 
0.25 0.25 0.0667 -0.0667 0.5933 0.3867 0.2 0.8 2 15 0.708723 0.835949 489.75 
0.25 0.25 0.0667 -0.0667 0.5933 0.3667 0.2 0.8 2 15 0.856214 0.832144 488.743 
0.25 0.25 0.0667 -0.0667 0.5933 0.3467 0.2 0.8 2 13.714 0.339491 0.169922 482.433 
0.25 0.25 0.0667 -0.0667 0.5933 0.3267 0.2 0.8 2 11.82 0.592841 0.172854 474.5 
0.25 0.25 0.0667 -0.0667 0.5933 0.3067 0.2 0.8 2 15 0.363439 0.821248 487.983 
0.25 0.25 0.0667 -0.0667 0.5933 0.2867 0.2 0.8 2 2.202 0.0443919 0.166898 460.434 
0.25 0.25 0.0667 -0.0667 0.5933 0.2667 0.2 0.8 2 15 0.625317 0.820273 489.428 
0.25 0.25 0.0667 -0.0667 0.5933 0.2467 0.2 0.8 2 15 0.666334 0.806139 488.392 
0.25 0.25 0.0667 -0.0667 0.5933 0.2267 0.2 0.8 2 15 0.633414 0.811168 488.804 
0.25 0.25 0.0667 -0.0667 0.5933 0.2067 0.2 0.8 2 12.268 0.219962 0.172139 476.911 
0.25 0.25 0.0667 -0.0667 0.5933 0.1867 0.2 0.8 2 15 0.492486 0.777655 486.059 
0.25 0.25 0.0667 -0.0667 0.5933 0.1667 0.2 0.8 2 15 0.381789 0.793444 489.083 
0.25 0.25 0.0667 -0.0667 0.5733 0.5467 0.2 0.8 2 15 1.33282 0.843401 495.097 
0.25 0.25 0.0667 -0.0667 0.5733 0.5267 0.2 0.8 2 15 1.27106 0.841162 495.96 
0.25 0.25 0.0667 -0.0667 0.5733 0.5067 0.2 0.8 2 15 1.47299 0.841891 495.908 
0.25 0.25 0.0667 -0.0667 0.5733 0.4867 0.2 0.8 2 15 1.47525 0.842689 495.801 
0.25 0.25 0.0667 -0.0667 0.5733 0.4667 0.2 0.8 2 15 1.36743 0.845559 494.079 
0.25 0.25 0.0667 -0.0667 0.5733 0.4467 0.2 0.8 2 15 1.05028 0.83752 491.348 
0.25 0.25 0.0667 -0.0667 0.5733 0.4267 0.2 0.8 2 15 1.21139 0.856595 493.16 
0.25 0.25 0.0667 -0.0667 0.5733 0.4067 0.2 0.8 2 15 0.800445 0.843393 490.313 
0.25 0.25 0.0667 -0.0667 0.5733 0.3867 0.2 0.8 2 15 1.18826 0.851963 493.875 
0.25 0.25 0.0667 -0.0667 0.5733 0.3667 0.2 0.8 2 15 0.483594 0.813184 484.543 
0.25 0.25 0.0667 -0.0667 0.5733 0.3467 0.2 0.8 2 15 0.831549 0.816355 489.143 
0.25 0.25 0.0667 -0.0667 0.5733 0.3267 0.2 0.8 2 15 0.55214 0.818333 488.333 
0.25 0.25 0.0667 -0.0667 0.5733 0.3067 0.2 0.8 2 15 0.645814 0.82342 489.775 
0.25 0.25 0.0667 -0.0667 0.5733 0.2867 0.2 0.8 2 14.384 0.648492 0.171072 479.786 
0.25 0.25 0.0667 -0.0667 0.5733 0.2667 0.2 0.8 2 2.322 0.101369 0.17127 458.375 
0.25 0.25 0.0667 -0.0667 0.5733 0.2467 0.2 0.8 2 7.934 0.445304 0.157516 479.877 
0.25 0.25 0.0667 -0.0667 0.5733 0.2267 0.2 0.8 2 6.224 0.162323 0.170449 478.034 
0.25 0.25 0.0667 -0.0667 0.5733 0.2067 0.2 0.8 2 15 0.471129 0.842674 488.873 
0.25 0.25 0.0667 -0.0667 0.5733 0.1867 0.2 0.8 2 15 0.567765 0.848259 489.479 
0.25 0.25 0.0667 -0.0667 0.5733 0.1667 0.2 0.8 2 15 0.892224 0.820707 490.508 
0.25 0.25 0.0667 -0.0667 0.5533 0.5467 0.2 0.8 2 15 1.3319 0.844489 497.018 
0.25 0.25 0.0667 -0.0667 0.5533 0.5267 0.2 0.8 2 15 1.23643 0.840205 496.956 
0.25 0.25 0.0667 -0.0667 0.5533 0.5067 0.2 0.8 2 15 1.05663 0.839489 496.511 
0.25 0.25 0.0667 -0.0667 0.5533 0.4867 0.2 0.8 2 15 1.22494 0.840048 495.557 
0.25 0.25 0.0667 -0.0667 0.5533 0.4667 0.2 0.8 2 15 1.4843 0.840741 494.824 
0.25 0.25 0.0667 -0.0667 0.5533 0.4467 0.2 0.8 2 15 1.42037 0.844602 493.998 
0.25 0.25 0.0667 -0.0667 0.5533 0.4267 0.2 0.8 2 15 1.01558 0.855894 491.851 
0.25 0.25 0.0667 -0.0667 0.5533 0.4067 0.2 0.8 2 15 1.07743 0.835333 492.722 
0.25 0.25 0.0667 -0.0667 0.5533 0.3867 0.2 0.8 2 15 1.07313 0.804243 491.406 
0.25 0.25 0.0667 -0.0667 0.5533 0.3667 0.2 0.8 2 15 0.586479 0.842876 490.108 
0.25 0.25 0.0667 -0.0667 0.5533 0.3467 0.2 0.8 2 15 1.06144 0.820543 490.461 
0.25 0.25 0.0667 -0.0667 0.5533 0.3267 0.2 0.8 2 15 0.891148 0.82355 489.333 
0.25 0.25 0.0667 -0.0667 0.5533 0.3067 0.2 0.8 2 11.19 0.692997 0.170859 484.25 
0.25 0.25 0.0667 -0.0667 0.5533 0.2867 0.2 0.8 2 15 0.849424 0.807235 489.125 
0.25 0.25 0.0667 -0.0667 0.5533 0.2667 0.2 0.8 2 2.248 0.0717167 0.170415 460.814 
0.25 0.25 0.0667 -0.0667 0.5533 0.2467 0.2 0.8 2 15 0.433128 0.805163 488.399 
0.25 0.25 0.0667 -0.0667 0.5533 0.2267 0.2 0.8 2 2.502 0.0664257 0.166768 461.481 
0.25 0.25 0.0667 -0.0667 0.5533 0.2067 0.2 0.8 2 15 0.504726 0.815509 489.1 
0.25 0.25 0.0667 -0.0667 0.5533 0.1867 0.2 0.8 2 15 0.584739 0.856514 489.724 
0.25 0.25 0.0667 -0.0667 0.5533 0.1667 0.2 0.8 2 15 0.646072 0.834233 489.275 
0.25 0.25 0.0667 -0.0667 0.5333 0.5467 0.2 0.8 2 15 1.62943 0.84908 496.928 
0.25 0.25 0.0667 -0.0667 0.5333 0.5267 0.2 0.8 2 15 1.05905 0.84406 497.771 
0.25 0.25 0.0667 -0.0667 0.5333 0.5067 0.2 0.8 2 15 1.08322 0.842539 494.91 
0.25 0.25 0.0667 -0.0667 0.5333 0.4867 0.2 0.8 2 15 1.41761 0.845558 496.135 
0.25 0.25 0.0667 -0.0667 0.5333 0.4667 0.2 0.8 2 15 1.38649 0.845983 498.069 
0.25 0.25 0.0667 -0.0667 0.5333 0.4467 0.2 0.8 2 15 1.59209 0.845051 497.893 
0.25 0.25 0.0667 -0.0667 0.5333 0.4267 0.2 0.8 2 15 1.5882 0.853283 497.648 
0.25 0.25 0.0667 -0.0667 0.5333 0.4067 0.2 0.8 2 15 1.44209 0.851666 494.854 
0.25 0.25 0.0667 -0.0667 0.5333 0.3867 0.2 0.8 2 15 1.23344 0.86158 493.427 
0.25 0.25 0.0667 -0.0667 0.5333 0.3667 0.2 0.8 2 15 1.02815 0.8532 491.291 
0.25 0.25 0.0667 -0.0667 0.5333 0.3467 0.2 0.8 2 15 0.800411 0.867118 492.031 
0.25 0.25 0.0667 -0.0667 0.5333 0.3267 0.2 0.8 2 15 0.304216 0.855399 489.39 
0.25 0.25 0.0667 -0.0667 0.5333 0.3067 0.2 0.8 2 15 0.771713 0.858719 489.735 
0.25 0.25 0.0667 -0.0667 0.5333 0.2867 0.2 0.8 2 15 0.508385 0.828996 489.342 
0.25 0.25 0.0667 -0.0667 0.5333 0.2667 0.2 0.8 2 15 0.68966 0.827118 489.512 
0.25 0.25 0.0667 -0.0667 0.5333 0.2467 0.2 0.8 2 15 0.702613 0.812532 489.138 
0.25 0.25 0.0667 -0.0667 0.5333 0.2267 0.2 0.8 2 15 0.477574 0.683637 481.549 
0.25 0.25 0.0667 -0.0667 0.5333 0.2067 0.2 0.8 2 15 0.652929 0.809488 488.644 
0.25 0.25 0.0667 -0.0667 0.5333 0.1867 0.2 0.8 2 12.11 0.331763 0.172624 477.629 
0.25 0.25 0.0667 -0.0667 0.5333 0.1667 0.2 0.8 2 15 0.780431 0.805319 490.354 
0.25 0.25 0.0667 -0.0667 0.5133 0.5467 0.2 0.8 2 15 1.00269 0.856334 497.501 
0.25 0.25 0.0667 -0.0667 0.5133 0.5267 0.2 0.8 2 15 1.04663 0.847883 497.43 
0.25 0.25 0.0667 -0.0667 0.5133 0.5067 0.2 0.8 2 15 1.02132 0.845725 497.632 
0.25 0.25 0.0667 -0.0667 0.5133 0.4867 0.2 0.8 2 15 1.08797 0.84447 497.659 
0.25 0.25 0.0667 -0.0667 0.5133 0.4667 0.2 0.8 2 15 1.12911 0.842418 497.595 
0.25 0.25 0.0667 -0.0667 0.5133 0.4467 0.2 0.8 2 15 1.17234 0.844546 497.813 
0.25 0.25 0.0667 -0.0667 0.5133 0.4267 0.2 0.8 2 15 1.23985 0.855002 498.006 
0.25 0.25 0.0667 -0.0667 0.5133 0.4067 0.2 0.8 2 15 1.39764 0.85832 496.082 
0.25 0.25 0.0667 -0.0667 0.5133 0.3867 0.2 0.8 2 15 1.46061 0.859836 496.592 
0.25 0.25 0.0667 -0.0667 0.5133 0.3667 0.2 0.8 2 15 1.30452 0.836144 493.612 
0.25 0.25 0.0667 -0.0667 0.5133 0.3467 0.2 0.8 2 15 1.57597 0.867024 497.609 
0.25 0.25 0.0667 -0.0667 0.5133 0.3267 0.2 0.8 2 15 1.41835 0.843606 494.958 
0.25 0.25 0.0667 -0.0667 0.5133 0.3067 0.2 0.8 2 15 0.808835 0.814021 489.099 
0.25 0.25 0.0667 -0.0667 0.5133 0.2867 0.2 0.8 2 15 0.814503 0.828988 489.684 
0.25 0.25 0.0667 -0.0667 0.5133 0.2667 0.2 0.8 2 15 0.982406 0.841084 491.041 
0.25 0.25 0.0667 -0.0667 0.5133 0.2467 0.2 0.8 2 15 0.719746 0.727974 486.159 
0.25 0.25 0.0667 -0.0667 0.5133 0.2267 0.2 0.8 2 15 0.484181 0.807706 487.997 
0.25 0.25 0.0667 -0.0667 0.5133 0.2067 0.2 0.8 2 15 0.701803 0.823194 489.191 
0.25 0.25 0.0667 -0.0667 0.5133 0.1867 0.2 0.8 2 15 0.61167 0.837145 489.231 
0.25 0.25 0.0667 -0.0667 0.5133 0.1667 0.2 0.8 2 15 0.686004 0.838226 489.938 
0.25 0.25 0.0667 -0.0667 0.4933 0.5467 0.2 0.8 2 15 0.913903 0.85806 497.457 
0.25 0.25 0.0667 -0.0667 0.4933 0.5267 0.2 0.8 2 15 0.960304 0.850951 497.47 
0.25 0.25 0.0667 -0.0667 0.4933 0.5067 0.2 0.8 2 15 1.00074 0.846469 497.429 
0.25 0.25 0.0667 -0.0667 0.4933 0.4867 0.2 0.8 2 15 1.32062 0.843785 496.649 
0.25 0.25 0.0667 -0.0667 0.4933 0.4667 0.2 0.8 2 15 1.57904 0.848546 496.521 
0.25 0.25 0.0667 -0.0667 0.4933 0.4467 0.2 0.8 2 15 1.17238 0.847042 497.654 
0.25 0.25 0.0667 -0.0667 0.4933 0.4267 0.2 0.8 2 15 1.18752 0.857245 497.856 
0.25 0.25 0.0667 -0.0667 0.4933 0.4067 0.2 0.8 2 15 1.3504 0.862141 497.679 
0.25 0.25 0.0667 -0.0667 0.4933 0.3867 0.2 0.8 2 15 1.29296 0.86273 498.021 
0.25 0.25 0.0667 -0.0667 0.4933 0.3667 0.2 0.8 2 15 1.3662 0.867128 498.146 
0.25 0.25 0.0667 -0.0667 0.4933 0.3467 0.2 0.8 2 15 1.34417 0.869366 496.966 
0.25 0.25 0.0667 -0.0667 0.4933 0.3267 0.2 0.8 2 15 0.882342 0.878986 492.701 
0.25 0.25 0.0667 -0.0667 0.4933 0.3067 0.2 0.8 2 15 1.56963 0.889628 498.383 
0.25 0.25 0.0667 -0.0667 0.4933 0.2867 0.2 0.8 2 15 1.75833 0.852678 497.174 
0.25 0.25 0.0667 -0.0667 0.4933 0.2667 0.2 0.8 2 15 1.21869 0.839823 492.762 
0.25 0.25 0.0667 -0.0667 0.4933 0.2467 0.2 0.8 2 15 0.982386 0.799253 490.488 
0.25 0.25 0.0667 -0.0667 0.4933 0.2267 0.2 0.8 2 15 0.861305 0.851634 492.036 
0.25 0.25 0.0667 -0.0667 0.4933 0.2067 0.2 0.8 2 15 0.806307 0.815182 491.426 
0.25 0.25 0.0667 -0.0667 0.4933 0.1867 0.2 0.8 2 15 0.687474 0.845597 490.745 
0.25 0.25 0.0667 -0.0667 0.4933 0.1667 0.2 0.8 2 15 0.882848 0.830154 491.106 
0.25 0.25 0.0667 -0.0667 0.4733 0.5467 0.2 0.8 2 15 0.895274 0.858249 497.301 
0.25 0.25 0.0667 -0.0667 0.4733 0.5267 0.2 0.8 2 15 0.928194 0.852434 497.303 
0.25 0.25 0.0667 -0.0667 0.4733 0.5067 0.2 0.8 2 15 0.953448 0.847349 497.085 
0.25 0.25 0.0667 -0.0667 0.4733 0.4867 0.2 0.8 2 15 1.06319 0.853136 497.364 
0.25 0.25 0.0667 -0.0667 0.4733 0.4667 0.2 0.8 2 15 1.13133 0.850191 497.396 
0.25 0.25 0.0667 -0.0667 0.4733 0.4467 0.2 0.8 2 15 1.12017 0.848039 497.463 
0.25 0.25 0.0667 -0.0667 0.4733 0.4267 0.2 0.8 2 15 1.11647 0.861517 497.732 
0.25 0.25 0.0667 -0.0667 0.4733 0.4067 0.2 0.8 2 15 1.39742 0.859532 497.439 
0.25 0.25 0.0667 -0.0667 0.4733 0.3867 0.2 0.8 2 15 1.17816 0.867838 497.963 
0.25 0.25 0.0667 -0.0667 0.4733 0.3667 0.2 0.8 2 15 1.27527 0.869165 497.943 
0.25 0.25 0.0667 -0.0667 0.4733 0.3467 0.2 0.8 2 15 1.32896 0.871211 494.421 
0.25 0.25 0.0667 -0.0667 0.4733 0.3267 0.2 0.8 2 15 1.34435 0.887237 496.559 
0.25 0.25 0.0667 -0.0667 0.4733 0.3067 0.2 0.8 2 15 1.23102 0.87428 495.708 
0.25 0.25 0.0667 -0.0667 0.4733 0.2867 0.2 0.8 2 15 1.57487 0.901865 498.484 
0.25 0.25 0.0667 -0.0667 0.4733 0.2667 0.2 0.8 2 15 1.46488 0.836007 496.714 
0.25 0.25 0.0667 -0.0667 0.4733 0.2467 0.2 0.8 2 15 1.60451 0.852708 497.68 
0.25 0.25 0.0667 -0.0667 0.4733 0.2267 0.2 0.8 2 15 1.09773 0.816696 491.696 
0.25 0.25 0.0667 -0.0667 0.4733 0.2067 0.2 0.8 2 15 0.916754 0.828404 490.745 
0.25 0.25 0.0667 -0.0667 0.4733 0.1867 0.2 0.8 2 15 0.737577 0.832394 490.743 
0.25 0.25 0.0667 -0.0667 0.4733 0.1667 0.2 0.8 2 15 0.962361 0.823949 489.297 
0.25 0.25 0.0667 -0.0667 0.4533 0.5467 0.2 0.8 2 15 0.879924 0.868698 497.2 
0.25 0.25 0.0667 -0.0667 0.4533 0.5267 0.2 0.8 2 15 0.921761 0.86235 497.184 
0.25 0.25 0.0667 -0.0667 0.4533 0.5067 0.2 0.8 2 15 1.11878 0.858603 497.145 
0.25 0.25 0.0667 -0.0667 0.4533 0.4867 0.2 0.8 2 15 1.04979 0.857323 497.277 
0.25 0.25 0.0667 -0.0667 0.4533 0.4667 0.2 0.8 2 15 1.04496 0.851332 497.105 
0.25 0.25 0.0667 -0.0667 0.4533 0.4467 0.2 0.8 2 15 1.11234 0.847291 497.165 
0.25 0.25 0.0667 -0.0667 0.4533 0.4267 0.2 0.8 2 15 1.15004 0.860283 497.409 
0.25 0.25 0.0667 -0.0667 0.4533 0.4067 0.2 0.8 2 15 1.19412 0.865743 497.529 
0.25 0.25 0.0667 -0.0667 0.4533 0.3867 0.2 0.8 2 15 1.27851 0.867303 497.515 
0.25 0.25 0.0667 -0.0667 0.4533 0.3667 0.2 0.8 2 15 1.26327 0.872265 497.022 
0.25 0.25 0.0667 -0.0667 0.4533 0.3467 0.2 0.8 2 15 1.23152 0.877809 497.616 
0.25 0.25 0.0667 -0.0667 0.4533 0.3267 0.2 0.8 2 15 1.29256 0.888047 497.342 
0.25 0.25 0.0667 -0.0667 0.4533 0.3067 0.2 0.8 2 15 1.40316 0.896012 497.817 
0.25 0.25 0.0667 -0.0667 0.4533 0.2867 0.2 0.8 2 15 1.39183 0.896726 497.595 
0.25 0.25 0.0667 -0.0667 0.4533 0.2667 0.2 0.8 2 15 1.3652 0.887388 497.63 
0.25 0.25 0.0667 -0.0667 0.4533 0.2467 0.2 0.8 2 15 1.48381 0.943031 498.482 
0.25 0.25 0.0667 -0.0667 0.4533 0.2267 0.2 0.8 2 15 1.11052 0.847252 494.413 
0.25 0.25 0.0667 -0.0667 0.4533 0.2067 0.2 0.8 2 15 0.925397 0.866954 491.925 
0.25 0.25 0.0667 -0.0667 0.4533 0.1867 0.2 0.8 2 15 1.33989 0.807719 493.581 
0.25 0.25 0.0667 -0.0667 0.4533 0.1667 0.2 0.8 2 15 1.12248 0.804114 491.261 
0.25 0.25 0.0667 -0.0667 0.4333 0.5467 0.2 0.8 2 15 0.898729 0.866941 496.971 
0.25 0.25 0.0667 -0.0667 0.4333 0.5267 0.2 0.8 2 15 0.925733 0.860357 496.915 
0.25 0.25 0.0667 -0.0667 0.4333 0.5067 0.2 0.8 2 15 1.02672 0.860651 497.002 
0.25 0.25 0.0667 -0.0667 0.4333 0.4867 0.2 0.8 2 15 1.02588 0.857285 496.892 
0.25 0.25 0.0667 -0.0667 0.4333 0.4667 0.2 0.8 2 15 1.02962 0.856358 496.904 
0.25 0.25 0.0667 -0.0667 0.4333 0.4467 0.2 0.8 2 15 1.07998 0.852952 496.276 
0.25 0.25 0.0667 -0.0667 0.4333 0.4267 0.2 0.8 2 15 1.17911 0.867575 497.243 
0.25 0.25 0.0667 -0.0667 0.4333 0.4067 0.2 0.8 2 15 1.1947 0.868585 496.631 
0.25 0.25 0.0667 -0.0667 0.4333 0.3867 0.2 0.8 2 15 1.25976 0.873245 496.974 
0.25 0.25 0.0667 -0.0667 0.4333 0.3667 0.2 0.8 2 15 0.763336 0.87762 496.222 
0.25 0.25 0.0667 -0.0667 0.4333 0.3467 0.2 0.8 2 15 1.40611 0.878062 496.67 
0.25 0.25 0.0667 -0.0667 0.4333 0.3267 0.2 0.8 2 15 1.10052 0.891637 497.237 
0.25 0.25 0.0667 -0.0667 0.4333 0.3067 0.2 0.8 2 15 1.22761 0.897184 497.672 
0.25 0.25 0.0667 -0.0667 0.4333 0.2867 0.2 0.8 2 15 1.39862 0.902566 497.124 
0.25 0.25 0.0667 -0.0667 0.4333 0.2667 0.2 0.8 2 15 1.2465 0.910691 497.832 
0.25 0.25 0.0667 -0.0667 0.4333 0.2467 0.2 0.8 2 15 1.29589 0.946499 498.351 
0.25 0.25 0.0667 -0.0667 0.4333 0.2267 0.2 0.8 2 15 1.24797 0.923686 497.307 
0.25 0.25 0.0667 -0.0667 0.4333 0.2067 0.2 0.8 2 15 1.42845 0.84983 494.44 
0.25 0.25 0.0667 -0.0667 0.4333 0.1867 0.2 0.8 2 15 1.22577 0.862314 495.889 
0.25 0.25 0.0667 -0.0667 0.4333 0.1667 0.2 0.8 2 15 1.16732 0.831532 492.26 
